Msg Id,Time (hr:min:sec),Time (Seconds) (),Clamp Pos (mm) (),Shoulder (Y) Pos (mm) (),Probe (X) Pos (mm) (),Shoulder (Y) Vel (mmPM) (),Probe (X) Velocity (mmPM) (),Spindle Torque (Nm) (),Shoulder Force (N) (),Probe Force (N) (),Anvil Force (N) (),Shoulder Servo Torque (Nm) (),Probe Servo Torque (Nm) ()
0,00:00:00.000,0.0012,-10.977,30,5.001,0,0,0.07443949,0,1768.12,-25.458,0,0
0,00:00:00.001,0.0028,-10.977,30,5.001,0,0,0.07443949,0,1767.538,-22.7485,0,0
0,00:00:00.003,0.0044,-10.977,30,5.001,0,0,0.06189886,0,1767.538,-22.295,0,0
0,00:00:00.004,0.006,-10.977,30,5.001,0,0,0.06189886,0,1768.004,-24.09949,0,0
0,00:00:00.006,0.0076,-10.977,30,5.001,0,0,0.06189886,0,1767.655,-21.39349,0,0
0,00:00:00.008,0.0092,-10.977,30,5.001,0,0,0.07208859,0,1768.47,-23.6505,0,0
0,00:00:00.009,0.0108,-10.977,30,5.001,0,0,0.08227832,0,1767.887,-21.84499,0,0
0,00:00:00.011,0.0124,-10.977,30,5.001,0,0,0.08227832,0,1768.586,-26.8095,0,0
0,00:00:00.012,0.014,-10.977,30,5.001,0,0,0.08227832,0,1766.722,-20.035,0,0
0,00:00:00.014,0.0156,-10.977,30,5.001,0,0,0.0874809,0,1768.004,-25.0025,0,0
0,00:00:00.016,0.0172,-10.977,30,5.001,0,0,0.09268349,0,1767.655,-22.293,0,0
0,00:00:00.017,0.0188,-10.977,30,5.001,0,0,0.09268349,0,1767.538,-22.2915,0,0
0,00:00:00.019,0.0204,-10.977,30,5.001,0,0,0.09268349,0,1768.004,-19.5815,0,0
0,00:00:00.020,0.022,-10.977,30,5.001,0,0,0.09487362,0,1767.771,-24.5495,0,0
0,00:00:00.022,0.0236,-10.977,30,5.001,0,0,0.09706374,0,1768.004,-22.2925,0,0
0,00:00:00.024,0.0252,-10.977,30,5.001,0,0,0.09706374,0,1767.538,-23.6475,0,0
0,00:00:00.025,0.0268,-10.977,30,5.001,0,0,0.09706374,0,1768.12,-19.1315,0,0
0,00:00:00.027,0.0284,-10.977,30,5.001,0,0,0.07947356,0,1766.14,-23.646,0,0
0,00:00:00.028,0.03,-10.977,30,5.001,0,0,0.07947356,0,1767.655,-20.4865,0,0
0,00:00:00.030,0.0316,-10.977,30,5.001,0,0,0.07947356,0,1766.256,-24.098,0,0
0,00:00:00.032,0.0332,-10.977,30,5.001,0,0,0.07775103,0,1767.538,-22.745,0,0
0,00:00:00.033,0.0348,-10.977,30,5.001,0,0,0.0760285,0,1766.722,-22.745,0,0
0,00:00:00.035,0.0364,-10.977,30,5.001,0,0,0.0760285,0,1767.072,-21.3905,0,0
0,00:00:00.036,0.038,-10.977,30,5.001,0,0,0.0760285,0,1766.606,-25.4555,0,0
0,00:00:00.038,0.0396,-10.977,30,5.001,0,0,0.08880317,0,1766.373,-20.0355,0,0
0,00:00:00.040,0.0412,-10.977,30,5.001,0,0,0.1015778,0,1766.373,-24.10049,0,0
1,00:00:00.041,0.0428,-10.977,30,5.001,0,0,0.1015778,0,1767.072,-18.2295,0,0
1,00:00:00.043,0.0444,-10.977,30,5.001,0,0,0.1015778,0,1765.907,-23.6475,0,0
1,00:00:00.044,0.046,-10.977,30,5.001,0,0,0.08579479,0,1765.907,-21.8435,0,0
1,00:00:00.046,0.0476,-10.977,30,5.001,0,0,0.07001174,0,1765.791,-24.0985,0,0
1,00:00:00.048,0.0492,-10.977,30,5.001,0,0,0.07001174,0,1765.324,-17.7755,0,0
1,00:00:00.049,0.0508,-10.977,30,5.001,0,0,0.07001174,0,1765.674,-21.3905,0,0
1,00:00:00.051,0.0524,-10.977,30,5.001,0,0,0.05411277,0,1764.742,-23.196,0,0
1,00:00:00.052,0.054,-10.977,30,5.001,0,0,0.05411277,0,1765.907,-24.103,0,0
1,00:00:00.054,0.0556,-10.977,30,5.001,0,0,0.05411277,0,1765.208,-24.10149,0,0
1,00:00:00.056,0.0572,-10.977,30,5.001,0,0,0.05411277,0,1765.907,-21.84399,0,0
1,00:00:00.057,0.0588,-10.977,30,5.001,0,0,0.07279637,0,1764.392,-21.844,0,0
1,00:00:00.059,0.0604,-10.977,30,5.001,0,0,0.07279637,0,1765.091,-19.585,0,0
1,00:00:00.060,0.062,-10.977,30,5.001,0,0,0.07279637,0,1764.509,-22.7465,0,0
1,00:00:00.062,0.0636,-10.977,30,5.001,0,0,0.07872504,0,1764.858,-22.7465,0,0
1,00:00:00.064,0.0652,-10.977,30,5.001,0,0,0.08465371,0,1764.159,-25.456,0,0
1,00:00:00.065,0.0668,-10.977,30,5.001,0,0,0.08465371,0,1765.091,-22.7475,0,0
1,00:00:00.067,0.0684,-10.977,30,5.001,0,0,0.08465371,0,1763.693,-25.9075,0,0
1,00:00:00.068,0.07,-10.977,30,5.001,0,0,0.07877882,0,1764.276,-23.19749,0,0
1,00:00:00.070,0.0716,-10.977,30,5.001,0,0,0.07290392,0,1764.276,-22.7445,0,0
1,00:00:00.072,0.0732,-10.977,30,5.001,0,0,0.07290392,0,1763.927,-25.4535,0,0
1,00:00:00.073,0.0748,-10.977,30,5.001,0,0,0.07290392,0,1764.043,-24.551,0,0
1,00:00:00.075,0.0764,-10.977,30,5.001,0,0,0.05345646,0,1763.693,-21.8405,0,0
1,00:00:00.076,0.078,-10.977,30,5.001,0,0,0.05345646,0,1764.159,-23.647,0,0
1,00:00:00.078,0.0796,-10.977,30,5.001,0,0,0.05345646,0,1763.344,-24.5515,0,0
1,00:00:00.080,0.0812,-10.977,30,5.001,0,0,0.06174656,0,1763.927,-28.166,0,0
1,00:00:00.081,0.0828,-10.977,30,5.001,0,0,0.07003667,0,1762.994,-23.651,0,0
2,00:00:00.083,0.0844,-10.977,30,5.001,0,0,0.07003667,0,1762.645,-22.2925,0,0
2,00:00:00.084,0.086,-10.977,30,5.001,0,0,0.07003667,0,1763.927,-27.263,0,0
2,00:00:00.086,0.0876,-10.977,30,5.001,0,0,0.07219594,0,1764.043,-22.293,0,0
2,00:00:00.088,0.0892,-10.977,30,5.001,0,0,0.07435521,0,1763.46,-23.6495,0,0
2,00:00:00.089,0.0908,-10.977,30,5.001,0,0,0.07435521,0,1762.529,-25.0055,0,0
2,00:00:00.091,0.0924,-10.977,30,5.001,0,0,0.07435521,0,1763.111,-22.295,0,0
2,00:00:00.092,0.094,-10.977,30,5.001,0,0,0.0704512,0,1762.645,-20.4865,0,0
2,00:00:00.094,0.0956,-10.977,30,5.001,0,0,0.0665472,0,1763.111,-21.842,0,0
2,00:00:00.096,0.0972,-10.977,30,5.001,0,0,0.0665472,0,1762.995,-21.3895,0,0
2,00:00:00.097,0.0988,-10.977,30,5.001,0,0,0.0665472,0,1763.111,-21.842,0,0
2,00:00:00.099,0.1004,-10.977,30,5.001,0,0,0.07123793,0,1761.48,-20.9375,0,0
2,00:00:00.100,0.102,-10.977,30,5.001,0,0,0.07123793,0,1762.761,-24.55399,0,0
2,00:00:00.102,0.1036,-10.977,30,5.001,0,0,0.07123793,0,1762.179,-25.00649,0,0
2,00:00:00.104,0.1052,-10.977,30,5.001,0,0,0.07123793,0,1762.412,-23.199,0,0
2,00:00:00.105,0.1068,-10.977,30,5.001,0,0,0.1141665,0,1761.829,-25.4585,0,0
2,00:00:00.107,0.1084,-10.977,30,5.001,0,0,0.1141665,0,1762.761,-20.48849,0,0
2,00:00:00.108,0.11,-10.977,30,5.001,0,0,0.1141665,0,1761.713,-25.459,0,0
2,00:00:00.110,0.1116,-10.977,30,5.001,0,0,0.0890644,0,1761.83,-20.9415,0,0
2,00:00:00.112,0.1132,-10.977,30,5.001,0,0,0.06396234,0,1761.596,-23.65199,0,0
2,00:00:00.113,0.1148,-10.977,30,5.001,0,0,0.06396234,0,1762.528,-27.2655,0,0
2,00:00:00.115,0.1164,-10.977,30,5.001,0,0,0.06396234,0,1760.781,-23.6515,0,0
2,00:00:00.116,0.118,-10.977,30,5.001,0,0,0.06098989,0,1762.179,-23.1985,0,0
2,00:00:00.118,0.1196,-10.977,30,5.001,0,0,0.05801744,0,1762.295,-23.2,0,0
2,00:00:00.120,0.1212,-10.977,30,5.001,0,0,0.05801744,0,1762.179,-20.94099,0,0
2,00:00:00.121,0.1228,-10.977,30,5.001,0,0,0.05801744,0,1761.363,-20.4875,0,0
2,00:00:00.123,0.1244,-10.977,30,5.001,0,0,0.1192757,0,1761.247,-22.296,0,0
3,00:00:00.124,0.126,-10.977,30,5.001,0,0,0.1192757,0,1761.596,-25.90549,0,0
3,00:00:00.126,0.1276,-10.977,30,5.001,0,0,0.1192757,0,1760.665,-23.64899,0,0
3,00:00:00.128,0.1292,-10.977,30,5.001,0,0,0.09057985,0,1761.247,-25.0035,0,0
3,00:00:00.129,0.1308,-10.977,30,5.001,0,0,0.06188401,0,1760.432,-22.7465,0,0
3,00:00:00.131,0.1324,-10.977,30,5.001,0,0,0.06188401,0,1761.247,-22.295,0,0
3,00:00:00.132,0.134,-10.977,30,5.001,0,0,0.06188401,0,1761.014,-23.64999,0,0
3,00:00:00.134,0.1356,-10.977,30,5.001,0,0,0.05901374,0,1761.364,-24.1,0,0
3,00:00:00.136,0.1372,-10.977,30,5.001,0,0,0.05614346,0,1761.13,-23.1975,0,0
3,00:00:00.137,0.1388,-10.977,30,5.001,0,0,0.05614346,0,1761.364,-25.4555,0,0
3,00:00:00.139,0.1404,-10.977,30,5.001,0,0,0.05614346,0,1760.781,-22.745,0,0
3,00:00:00.140,0.142,-10.977,30,5.001,0,0,0.04938038,0,1760.548,-24.09949,0,0
3,00:00:00.142,0.1436,-10.977,30,5.001,0,0,0.04938038,0,1760.664,-25.0035,0,0
3,00:00:00.144,0.1452,-10.977,30,5.001,0,0,0.04938038,0,1760.082,-25.907,0,0
3,00:00:00.145,0.1468,-10.977,30,5.001,0,0,0.04938038,0,1760.664,-20.4845,0,0
3,00:00:00.147,0.1484,-10.977,30,5.001,0,0,0.04608953,0,1759.966,-23.646,0,0
3,00:00:00.148,0.15,-10.977,30,5.001,0,0,0.04608953,0,1760.082,-23.64899,0,0
3,00:00:00.150,0.1516,-10.977,30,5.001,0,0,0.04608953,0,1759.383,-22.2915,0,0
3,00:00:00.152,0.1532,-10.977,30,5.001,0,0,0.05213455,0,1760.548,-24.1005,0,0
3,00:00:00.153,0.1548,-10.977,30,5.001,0,0,0.05817956,0,1758.917,-25.0025,0,0
3,00:00:00.155,0.1564,-10.977,30,5.001,0,0,0.05817956,0,1760.198,-26.8095,0,0
3,00:00:00.156,0.158,-10.977,30,5.001,0,0,0.05817956,0,1759.732,-23.196,0,0
3,00:00:00.158,0.1596,-10.977,30,5.001,0,0,0.07340202,0,1759.5,-24.101,0,0
3,00:00:00.160,0.1612,-10.977,30,5.001,0,0,0.08862447,0,1759.15,-26.36099,0,0
3,00:00:00.161,0.1628,-10.977,30,5.001,0,0,0.08862447,0,1759.383,-24.102,0,0
3,00:00:00.163,0.1644,-10.977,30,5.001,0,0,0.08862447,0,1759.15,-24.5535,0,0
3,00:00:00.164,0.166,-10.977,30,5.001,0,0,0.05362159,0,1759.616,-21.3905,0,0
4,00:00:00.166,0.1676,-10.977,30,5.001,0,0,0.05362159,0,1757.635,-28.1665,0,0
4,00:00:00.168,0.1692,-10.977,30,5.001,0,0,0.05362159,0,1758.684,-24.1035,0,0
4,00:00:00.169,0.1708,-10.977,30,5.001,0,0,0.05362159,0,1757.869,-25.4595,0,0
4,00:00:00.171,0.1724,-10.977,30,5.001,0,0,0.09010368,0,1758.218,-24.1,0,0
4,00:00:00.172,0.174,-10.977,30,5.001,0,0,0.09010368,0,1758.684,-22.29649,0,0
4,00:00:00.174,0.1756,-10.977,30,5.001,0,0,0.09010368,0,1758.567,-22.74799,0,0
4,00:00:00.176,0.1772,-10.977,30,5.001,0,0,0.07899337,0,1757.752,-21.8425,0,0
4,00:00:00.177,0.1788,-10.977,30,5.001,0,0,0.06788304,0,1757.868,-23.6495,0,0
4,00:00:00.179,0.1804,-10.977,30,5.001,0,0,0.06788304,0,1757.519,-22.74599,0,0
4,00:00:00.180,0.182,-10.977,30,5.001,0,0,0.06788304,0,1757.402,-22.295,0,0
4,00:00:00.182,0.1836,-10.977,30,5.001,0,0,0.0749445,0,1757.752,-22.294,0,0
4,00:00:00.184,0.1852,-10.977,30,5.001,0,0,0.08200594,0,1757.868,-24.10149,0,0
4,00:00:00.185,0.1868,-10.977,30,5.001,0,0,0.08200594,0,1757.985,-24.101,0,0
4,00:00:00.187,0.1884,-10.977,30,5.001,0,0,0.08200594,0,1757.169,-22.74599,0,0
4,00:00:00.188,0.19,-10.977,30,5.001,0,0,0.04567965,0,1758.101,-22.293,0,0
4,00:00:00.190,0.1916,-10.977,30,5.001,0,0,0.04567965,0,1757.402,-20.0355,0,0
4,00:00:00.192,0.1932,-10.977,30,5.001,0,0,0.04567965,0,1757.519,-22.2935,0,0
4,00:00:00.193,0.1948,-10.977,30,5.001,0,0,0.04567965,0,1757.985,-21.8405,0,0
4,00:00:00.195,0.1964,-10.977,30,5.001,0,0,0.06777789,0,1757.868,-22.292,0,0
4,00:00:00.196,0.198,-10.977,30,5.001,0,0,0.06777789,0,1756.82,-24.1,0,0
4,00:00:00.198,0.1996,-10.977,30,5.001,0,0,0.06777789,0,1757.286,-25.0015,0,0
4,00:00:00.200,0.2012,-10.977,30,5.001,0,0,0.07355465,0,1757.402,-21.8405,0,0
4,00:00:00.201,0.2028,-10.977,30,5.001,0,0,0.07933142,0,1757.519,-22.293,0,0
4,00:00:00.203,0.2044,-10.977,30,5.001,0,0,0.07933142,0,1757.053,-19.133,0,0
4,00:00:00.204,0.206,-10.977,30,5.001,0,0,0.07933142,0,1757.169,-25.909,0,0
4,00:00:00.206,0.2076,-10.977,30,5.001,0,0,0.07318427,0,1757.286,-23.2,0,0
5,00:00:00.208,0.2092,-10.977,30,5.001,0,0,0.06703713,0,1757.868,-23.1965,0,0
5,00:00:00.209,0.2108,-10.977,30,5.001,0,0,0.06703713,0,1756.47,-22.295,0,0
5,00:00:00.211,0.2124,-10.977,30,5.001,0,0,0.06703713,0,1756.004,-24.103,0,0
5,00:00:00.212,0.214,-10.977,30,5.001,0,0,0.07060646,0,1757.169,-23.199,0,0
5,00:00:00.214,0.2156,-10.977,30,5.001,0,0,0.0741758,0,1756.237,-24.103,0,0
5,00:00:00.216,0.2172,-10.977,30,5.001,0,0,0.0741758,0,1756.121,-24.10249,0,0
5,00:00:00.217,0.2188,-10.977,30,5.001,0,0,0.0741758,0,1756.238,-24.103,0,0
5,00:00:00.219,0.2204,-10.977,30,5.001,0,0,0.07830261,0,1756.587,-24.1015,0,0
5,00:00:00.220,0.222,-10.977,30,5.001,0,0,0.07830261,0,1756.004,-26.813,0,0
5,00:00:00.222,0.2236,-10.977,30,5.001,0,0,0.07830261,0,1755.888,-24.5555,0,0
5,00:00:00.224,0.2252,-10.977,30,5.001,0,0,0.08987291,0,1756.121,-21.391,0,0
5,00:00:00.225,0.2268,-10.977,30,5.001,0,0,0.1014432,0,1756.004,-23.1985,0,0
5,00:00:00.227,0.2284,-10.977,30,5.001,0,0,0.1014432,0,1755.305,-24.554,0,0
5,00:00:00.228,0.23,-10.977,30,5.001,0,0,0.1014432,0,1757.169,-21.3915,0,0
5,00:00:00.230,0.2316,-10.977,30,5.001,0,0,0.0810131,0,1755.073,-22.746,0,0
5,00:00:00.232,0.2332,-10.977,30,5.001,0,0,0.06058299,0,1756.121,-23.6495,0,0
5,00:00:00.233,0.2348,-10.977,30,5.001,0,0,0.06058299,0,1754.606,-27.26399,0,0
5,00:00:00.235,0.2364,-10.977,30,5.001,0,0,0.06058299,0,1755.888,-20.93999,0,0
5,00:00:00.236,0.238,-10.977,30,5.001,0,0,0.08086865,0,1754.956,-23.649,0,0
5,00:00:00.238,0.2396,-10.977,30,5.001,0,0,0.1011543,0,1755.538,-24.5525,0,0
5,00:00:00.240,0.2412,-10.977,30,5.001,0,0,0.1011543,0,1754.956,-22.746,0,0
5,00:00:00.241,0.2428,-10.977,30,5.001,0,0,0.1011543,0,1755.771,-25.006,0,0
5,00:00:00.243,0.2444,-10.977,30,5.001,0,0,0.09691577,0,1755.073,-21.3905,0,0
5,00:00:00.244,0.246,-10.977,30,5.001,0,0,0.09691577,0,1755.771,-24.5515,0,0
5,00:00:00.246,0.2476,-10.977,30,5.001,0,0,0.09691577,0,1755.073,-26.8125,0,0
5,00:00:00.248,0.2492,-10.977,30,5.001,0,0,0.09691577,0,1754.374,-24.10049,0,0
6,00:00:00.249,0.2508,-10.977,30,5.001,0,0,0.09043399,0,1754.839,-26.358,0,0
6,00:00:00.251,0.2524,-10.977,30,5.001,0,0,0.09043399,0,1754.606,-23.199,0,0
6,00:00:00.252,0.254,-10.977,30,5.001,0,0,0.09043399,0,1755.538,-24.1,0,0
6,00:00:00.254,0.2556,-10.977,30,5.001,0,0,0.09039314,0,1754.956,-22.2935,0,0
6,00:00:00.256,0.2572,-10.977,30,5.001,0,0,0.09035228,0,1754.606,-23.64799,0,0
6,00:00:00.257,0.2588,-10.977,30,5.001,0,0,0.09035228,0,1754.257,-23.6485,0,0
6,00:00:00.259,0.2604,-10.977,30,5.001,0,0,0.09035228,0,1754.606,-24.5505,0,0
6,00:00:00.260,0.262,-10.977,30,5.001,0,0,0.06724933,0,1754.723,-23.6495,0,0
6,00:00:00.262,0.2636,-10.977,30,5.001,0,0,0.04414637,0,1754.606,-26.8095,0,0
6,00:00:00.264,0.2652,-10.977,30,5.001,0,0,0.04414637,0,1754.606,-23.198,0,0
6,00:00:00.265,0.2668,-10.977,30,5.001,0,0,0.04414637,0,1754.257,-28.1655,0,0
6,00:00:00.267,0.2684,-10.977,30,5.001,0,0,0.09124667,0,1754.024,-23.64899,0,0
6,00:00:00.268,0.27,-10.977,30,5.001,0,0,0.09124667,0,1753.442,-23.197,0,0
6,00:00:00.270,0.2716,-10.977,30,5.001,0,0,0.09124667,0,1753.674,-21.843,0,0
6,00:00:00.272,0.2732,-10.977,30,5.001,0,0,0.09124667,0,1753.325,-23.6485,0,0
6,00:00:00.273,0.2748,-10.977,30,5.001,0,0,0.08711569,0,1754.723,-20.9385,0,0
6,00:00:00.275,0.2764,-10.977,30,5.001,0,0,0.08711569,0,1752.975,-25.908,0,0
6,00:00:00.276,0.278,-10.977,30,5.001,0,0,0.08711569,0,1754.49,-21.842,0,0
6,00:00:00.278,0.2796,-10.977,30,5.001,0,0,0.07684687,0,1752.859,-26.35899,0,0
6,00:00:00.280,0.2812,-10.977,30,5.001,0,0,0.06657804,0,1753.791,-22.2945,0,0
6,00:00:00.281,0.2828,-10.977,30,5.001,0,0,0.06657804,0,1752.975,-23.6505,0,0
6,00:00:00.283,0.2844,-10.977,30,5.001,0,0,0.06657804,0,1753.208,-20.491,0,0
6,00:00:00.284,0.286,-10.977,30,5.001,0,0,0.06501302,0,1752.976,-21.84399,0,0
6,00:00:00.286,0.2876,-10.977,30,5.001,0,0,0.063448,0,1754.024,-24.1035,0,0
6,00:00:00.288,0.2892,-10.977,30,5.001,0,0,0.063448,0,1752.276,-27.2615,0,0
6,00:00:00.289,0.2908,-10.977,30,5.001,0,0,0.063448,0,1753.791,-24.554,0,0
7,00:00:00.291,0.2924,-10.977,30,5.001,0,0,0.04243625,0,1753.092,-24.10149,0,0
7,00:00:00.292,0.294,-10.977,30,5.001,0,0,0.04243625,0,1752.393,-21.3925,0,0
7,00:00:00.294,0.2956,-10.977,30,5.001,0,0,0.04243625,0,1752.742,-25.004,0,0
7,00:00:00.296,0.2972,-10.977,30,5.001,0,0,0.04243625,0,1751.81,-22.294,0,0
7,00:00:00.297,0.2988,-10.977,30,5.001,0,0,0.08679739,0,1752.51,-24.552,0,0
7,00:00:00.299,0.3004,-10.977,30,5.001,0,0,0.08679739,0,1752.51,-24.55399,0,0
7,00:00:00.300,0.302,-10.977,30,5.001,0,0,0.08679739,0,1753.441,-26.811,0,0
7,00:00:00.302,0.3036,-10.977,30,5.001,0,0,0.08300921,0,1752.16,-23.6475,0,0
7,00:00:00.304,0.3052,-10.977,30,5.001,0,0,0.07922103,0,1752.626,-24.09949,0,0
7,00:00:00.305,0.3068,-10.977,30,5.001,0,0,0.07922103,0,1752.51,-20.9385,0,0
7,00:00:00.307,0.3084,-10.977,30,5.001,0,0,0.07922103,0,1752.043,-23.649,0,0
7,00:00:00.308,0.31,-10.977,30,5.001,0,0,0.0764657,0,1752.276,-22.2935,0,0
7,00:00:00.310,0.3116,-10.977,30,5.001,0,0,0.07371037,0,1752.276,-27.2605,0,0
7,00:00:00.312,0.3132,-10.977,30,5.001,0,0,0.07371037,0,1752.276,-24.101,0,0
7,00:00:00.313,0.3148,-10.977,30,5.001,0,0,0.07371037,0,1752.043,-24.0985,0,0
7,00:00:00.315,0.3164,-10.977,30,5.001,0,0,0.08165603,0,1752.276,-24.1015,0,0
7,00:00:00.316,0.318,-10.977,30,5.001,0,0,0.08165603,0,1751.344,-24.551,0,0
7,00:00:00.318,0.3196,-10.977,30,5.001,0,0,0.08165603,0,1753.442,-25.00249,0,0
7,00:00:00.320,0.3212,-10.977,30,5.001,0,0,0.08165603,0,1751.228,-23.647,0,0
7,00:00:00.321,0.3228,-10.977,30,5.001,0,0,0.06734885,0,1752.393,-25.907,0,0
7,00:00:00.323,0.3244,-10.977,30,5.001,0,0,0.06734885,0,1751.111,-23.6475,0,0
7,00:00:00.324,0.326,-10.977,30,5.001,0,0,0.06734885,0,1752.393,-23.1965,0,0
7,00:00:00.326,0.3276,-10.977,30,5.001,0,0,0.06637725,0,1751.927,-26.359,0,0
7,00:00:00.328,0.3292,-10.977,30,5.001,0,0,0.06540565,0,1752.743,-22.295,0,0
7,00:00:00.329,0.3308,-10.977,30,5.001,0,0,0.06540565,0,1752.626,-23.64799,0,0
7,00:00:00.331,0.3324,-10.977,30,5.001,0,0,0.06540565,0,1752.276,-22.2945,0,0
8,00:00:00.332,0.334,-10.977,30,5.001,0,0,0.1978506,0,1752.742,-25.4545,0,0
8,00:00:00.334,0.3356,-10.977,30,5.001,0,0,0.3302957,0,1752.276,-24.10049,0,0
8,00:00:00.336,0.3372,-10.977,30,5.001,0,0,0.3302957,0,1753.791,-25.907,0,0
8,00:00:00.337,0.3388,-10.977,30,5.001,0,0,0.3302957,0,1757.169,-24.552,0,0
8,00:00:00.339,0.3404,-10.977,30,5.001,0,0,1.498781,0,1761.247,-27.2615,0,0
8,00:00:00.340,0.342,-10.977,30,5.001,0,0,1.498781,0,1760.897,-24.55299,0,0
8,00:00:00.342,0.3436,-10.977,30,5.001,0,0,1.498781,0,1763.81,-30.42349,0,0
8,00:00:00.344,0.3452,-10.977,30,5.001,0,0,1.498781,0,1766.722,-26.8095,0,0
8,00:00:00.345,0.3468,-10.977,30,5.001,0,0,3.767079,0,1768.586,-28.6145,0,0
8,00:00:00.347,0.3484,-10.977,30,5.001,0,0,3.767079,0,1766.955,-27.709,0,0
8,00:00:00.348,0.35,-10.977,30,5.001,0,0,3.767079,0,1765.791,-31.3215,0,0
8,00:00:00.350,0.3516,-10.977,30,5.001,0,0,4.912071,0,1774.528,-28.611,0,0
8,00:00:00.352,0.3532,-10.977,30,5.001,0,0,6.057062,0,1775.46,-29.9625,0,0
8,00:00:00.353,0.3548,-10.977,30,5.001,0,0,6.057062,0,1768.819,-28.15549,0,0
8,00:00:00.355,0.3564,-10.977,30,5.001,0,0,6.057062,0,1779.887,-36.2885,0,0
8,00:00:00.356,0.358,-10.977,30,5.001,0,0,6.723587,0,1782.916,-29.515,0,0
8,00:00:00.358,0.3596,-10.977,30,5.001,0,0,7.390112,0,1786.993,-32.67799,0,0
8,00:00:00.360,0.3612,-10.977,30,5.001,0,0,7.390112,0,1790.838,-27.2605,0,0
8,00:00:00.361,0.3628,-10.977,30,5.001,0,0,7.390112,0,1789.673,-33.135,0,0
8,00:00:00.363,0.3644,-10.977,30,5.001,0,0,7.670586,0,1792.352,-31.7815,0,0
8,00:00:00.364,0.366,-10.977,30,5.001,0,0,7.670586,0,1793.401,-31.3285,0,0
8,00:00:00.366,0.3676,-10.977,30,5.001,0,0,7.670586,0,1795.148,-29.073,0,0
8,00:00:00.368,0.3692,-10.977,30,5.001,0,0,7.670586,0,1796.313,-30.4285,0,0
8,00:00:00.369,0.3708,-10.977,30,5.001,0,0,6.689279,0,1799.925,-31.333,0,0
8,00:00:00.371,0.3724,-10.977,30,5.001,0,0,6.689279,0,1800.624,-35.3975,0,0
8,00:00:00.372,0.374,-10.977,30,5.001,0,0,6.689279,0,1802.721,-29.0745,0,0
9,00:00:00.374,0.3756,-10.977,30,5.001,0,0,5.912537,0,1806.099,-30.8765,0,0
9,00:00:00.376,0.3772,-10.977,30,5.001,0,0,5.135795,0,1808.429,-26.361,0,0
9,00:00:00.377,0.3788,-10.977,30,5.001,0,0,5.135795,0,1814.837,-35.39149,0,0
9,00:00:00.379,0.3804,-10.977,30,5.001,0,0,5.135795,0,1821.011,-29.9715,0,0
9,00:00:00.380,0.382,-10.977,30,5.001,0,0,4.496407,0,1824.041,-34.0365,0,0
9,00:00:00.382,0.3836,-10.977,30,5.001,0,0,3.85702,0,1828.468,-25.909,0,0
9,00:00:00.384,0.3852,-10.977,30,5.001,0,0,3.85702,0,1832.195,-31.3265,0,0
9,00:00:00.385,0.3868,-10.977,30,5.001,0,0,3.85702,0,1835.807,-26.3595,0,0
9,00:00:00.387,0.3884,-10.977,30,5.001,0,0,3.093295,0,1830.564,-31.7805,0,0
9,00:00:00.388,0.39,-10.977,30,5.001,0,0,3.093295,0,1831.38,-29.5215,0,0
9,00:00:00.390,0.3916,-10.977,30,5.001,0,0,3.093295,0,1831.38,-29.97099,0,0
9,00:00:00.392,0.3932,-10.977,30,5.001,0,0,3.093295,0,1831.38,-25.453,0,0
9,00:00:00.393,0.3948,-10.977,30,5.001,0,0,3.084148,0,1825.672,-28.1635,0,0
9,00:00:00.395,0.3964,-10.977,30,5.001,0,0,3.084148,0,1822.526,-26.808,0,0
9,00:00:00.396,0.398,-10.977,30,5.001,0,0,3.084148,0,1817.167,-25.9045,0,0
9,00:00:00.398,0.3996,-10.977,30,5.001,0,0,3.313204,0,1808.896,-24.549,0,0
9,00:00:00.400,0.4012,-10.977,30,5.001,0,0,3.542259,0,1801.439,-25.453,0,0
9,00:00:00.401,0.4028,-10.977,30,5.001,0,0,3.542259,0,1801.207,-19.132,0,0
9,00:00:00.403,0.4044,-10.977,30,5.001,0,0,3.542259,0,1798.644,-26.8085,0,0
9,00:00:00.404,0.406,-10.977,30,5.001,0,0,4.093441,0,1794.915,-24.551,0,0
9,00:00:00.406,0.4076,-10.977,30,5.001,0,0,4.644622,0,1789.673,-26.8085,0,0
9,00:00:00.408,0.4092,-10.977,30,5.001,0,0,4.644622,0,1783.149,-27.258,0,0
9,00:00:00.409,0.4108,-10.977,30,5.001,0,0,4.644622,0,1777.091,-26.8055,0,0
9,00:00:00.411,0.4124,-10.977,30,5.001,0,0,5.771041,0,1770.218,-24.0985,0,0
9,00:00:00.412,0.414,-10.977,30,5.001,0,0,5.771041,0,1766.722,-31.3215,0,0
9,00:00:00.414,0.4156,-10.977,30,5.001,0,0,5.771041,0,1755.422,-30.4185,0,0
10,00:00:00.416,0.4172,-10.977,30,5.001,0,0,5.771041,0,1749.597,-32.227,0,0
10,00:00:00.417,0.4188,-10.977,30,5.001,0,0,6.103356,0,1749.713,-27.712,0,0
10,00:00:00.419,0.4204,-10.977,30,5.001,0,0,6.103356,0,1744.005,-26.3565,0,0
10,00:00:00.420,0.422,-10.977,30,5.001,0,0,6.103356,0,1745.985,-25.455,0,0
10,00:00:00.422,0.4236,-10.977,30,5.001,0,0,6.260937,0,1742.257,-24.5505,0,0
10,00:00:00.424,0.4252,-10.977,30,5.001,0,0,6.418518,0,1742.84,-22.7485,0,0
10,00:00:00.425,0.4268,-10.977,30,5.001,0,0,6.418518,0,1737.714,-21.393,0,0
10,00:00:00.427,0.4284,-10.977,30,5.001,0,0,6.418518,0,1737.365,-20.488,0,0
10,00:00:00.428,0.43,-10.977,30,5.001,0,0,6.043753,0,1733.753,-20.0395,0,0
10,00:00:00.430,0.4316,-10.977,30,5.001,0,0,5.668987,0,1735.034,-17.778,0,0
10,00:00:00.432,0.4332,-10.977,30,5.001,0,0,5.668987,0,1736.316,-22.2925,0,0
10,00:00:00.433,0.4348,-10.977,30,5.001,0,0,5.668987,0,1740.51,-20.9385,0,0
10,00:00:00.435,0.4364,-10.977,30,5.001,0,0,4.92745,0,1749.946,-20.482,0,0
10,00:00:00.436,0.438,-10.977,30,5.001,0,0,4.92745,0,1756.937,-17.3225,0,0
10,00:00:00.438,0.4396,-10.977,30,5.001,0,0,4.92745,0,1765.907,-23.6405,0,0
10,00:00:00.440,0.4412,-10.977,30,5.001,0,0,4.92745,0,1772.081,-20.03,0,0
10,00:00:00.441,0.4428,-10.977,30,5.001,0,0,4.469352,0,1780.236,-23.6455,0,0
10,00:00:00.443,0.4444,-10.977,30,5.001,0,0,4.469352,0,1786.877,-17.78,0,0
10,00:00:00.444,0.446,-10.977,30,5.001,0,0,4.469352,0,1791.886,-19.133,0,0
10,00:00:00.446,0.4476,-10.977,30,5.001,0,0,4.278797,0,1800.857,-18.6855,0,0
10,00:00:00.448,0.4492,-10.977,30,5.001,0,0,4.088242,0,1803.653,-25.912,0,0
10,00:00:00.449,0.4508,-10.977,30,5.001,0,0,4.088242,0,1808.546,-25.4625,0,0
10,00:00:00.451,0.4524,-10.977,30,5.001,0,0,4.088242,0,1815.536,-28.1635,0,0
10,00:00:00.452,0.454,-10.977,30,5.001,0,0,4.077455,0,1823.807,-25.898,0,0
10,00:00:00.454,0.4556,-10.977,30,5.001,0,0,4.066668,0,1825.905,-26.3475,0,0
10,00:00:00.456,0.4572,-10.977,30,5.001,0,0,4.066668,0,1833.127,-30.414,0,0
11,00:00:00.457,0.4588,-10.977,30,5.001,0,0,4.066668,0,1834.759,-28.1565,0,0
11,00:00:00.459,0.4604,-10.977,30,5.001,0,0,4.635782,0,1836.04,-26.8065,0,0
11,00:00:00.460,0.462,-10.977,30,5.001,0,0,4.635782,0,1830.681,-19.5875,0,0
11,00:00:00.462,0.4636,-10.977,30,5.001,0,0,4.635782,0,1828.234,-20.949,0,0
11,00:00:00.464,0.4652,-10.977,30,5.001,0,0,4.635782,0,1818.798,-17.778,0,0
11,00:00:00.465,0.4668,-10.977,30,5.001,0,0,5.345364,0,1812.391,-25.908,0,0
11,00:00:00.467,0.4684,-10.977,30,5.001,0,0,5.345364,0,1799.226,-28.1615,0,0
11,00:00:00.468,0.47,-10.977,30,5.001,0,0,5.345364,0,1791.77,-31.323,0,0
11,00:00:00.470,0.4716,-10.977,30,5.001,0,0,5.315585,0,1782.333,-28.152,0,0
11,00:00:00.472,0.4732,-10.977,30,5.001,0,0,5.285807,0,1767.771,-28.15649,0,0
11,00:00:00.473,0.4748,-10.977,30,5.001,0,0,5.285807,0,1768.354,-23.644,0,0
11,00:00:00.475,0.4764,-10.977,30,5.001,0,0,5.285807,0,1757.402,-20.9425,0,0
11,00:00:00.476,0.478,-10.977,30,5.001,0,0,5.559049,0,1748.665,-25.916,0,0
11,00:00:00.478,0.4796,-10.977,30,5.001,0,0,5.83229,0,1742.607,-27.717,0,0
11,00:00:00.480,0.4812,-10.977,30,5.001,0,0,5.83229,0,1739.345,-25.9035,0,0
11,00:00:00.481,0.4828,-10.977,30,5.001,0,0,5.83229,0,1740.859,-25.44901,0,0
11,00:00:00.483,0.4844,-10.977,30,5.001,0,0,5.471841,0,1743.888,-18.2185,0,0
11,00:00:00.484,0.486,-10.977,30,5.001,0,0,5.471841,0,1745.636,-23.632,0,0
11,00:00:00.486,0.4876,-10.977,30,5.001,0,0,5.471841,0,1749.015,-20.0255,0,0
11,00:00:00.488,0.4892,-10.977,30,5.001,0,0,5.471841,0,1754.374,-17.7835,0,0
11,00:00:00.489,0.4908,-10.977,30,5.001,0,0,5.375994,0,1767.305,-14.175,0,0
11,00:00:00.491,0.4924,-10.977,30,5.001,0,0,5.375994,0,1782.217,-22.752,0,0
11,00:00:00.492,0.494,-10.977,30,5.001,0,0,5.375994,0,1800.042,-23.1965,0,0
11,00:00:00.494,0.4956,-10.977,30,5.001,0,0,5.31799,0,1806.099,-29.527,0,0
11,00:00:00.496,0.4972,-10.977,30,5.001,0,0,5.259987,0,1809.828,-31.3315,0,0
11,00:00:00.497,0.4988,-10.977,30,5.001,0,0,5.259987,0,1812.274,-30.8795,0,0
12,00:00:00.499,0.5004,-10.977,30,5.001,0,0,5.259987,0,1819.147,-30.8755,0,0
12,00:00:00.500,0.502,-10.977,30,5.001,0,0,4.950112,0,1830.681,-20.488,0,0
12,00:00:00.502,0.5036,-10.977,30,5.001,0,0,4.640238,0,1836.739,-21.843,0,0
12,00:00:00.504,0.5052,-10.977,30,5.001,0,0,4.640238,0,1837.088,-21.387,0,0
12,00:00:00.505,0.5068,-10.977,30,5.001,0,0,4.640238,0,1830.448,-21.383,0,0
12,00:00:00.507,0.5084,-10.977,30,5.001,0,0,3.0034,0,1812.507,-21.386,0,0
12,00:00:00.508,0.51,-10.977,30,5.001,0,0,3.0034,0,1802.138,-19.585,0,0
12,00:00:00.510,0.5116,-10.977,30,5.001,0,0,3.0034,0,1794.799,-23.6545,0,0
12,00:00:00.512,0.5132,-10.977,30,5.001,0,0,3.0034,0,1784.314,-22.75301,0,0
12,00:00:00.513,0.5148,-10.977,30,5.001,0,0,0.903999,0,1771.965,-21.8485,0,0
12,00:00:00.515,0.5164,-10.977,30,5.001,0,0,0.903999,0,1760.781,-24.1075,0,0
12,00:00:00.516,0.518,-10.977,30,5.001,0,0,0.903999,0,1754.49,-19.1315,0,0
12,00:00:00.518,0.5196,-10.977,30,5.001,0,0,0.1500126,0,1749.364,-12.3575,0,0
12,00:00:00.520,0.5212,-10.977,30,5.001,0,0,-0.6039737,0,1746.684,-13.707,0,0
12,00:00:00.521,0.5228,-10.977,30,5.001,0,0,-0.6039737,0,1743.656,-13.251,0,0
12,00:00:00.523,0.5244,-10.977,30,5.001,0,0,-0.6039737,0,1740.394,-13.7065,0,0
12,00:00:00.524,0.526,-10.977,30,5.001,0,0,-1.003313,0,1744.354,-12.3545,0,0
12,00:00:00.526,0.5276,-10.977,30,5.001,0,0,-1.402652,0,1753.907,-16.878,0,0
12,00:00:00.528,0.5292,-10.977,30,5.001,0,0,-1.402652,0,1766.023,-14.1715,0,0
12,00:00:00.529,0.5308,-10.977,30,5.001,0,0,-1.402652,0,1782.8,-11.4505,0,0
12,00:00:00.531,0.5324,-10.977,30,5.001,0,0,-1.216838,0,1792.003,-12.8035,0,0
12,00:00:00.532,0.534,-10.977,30,5.001,0,0,-1.216838,0,1807.847,-2.408501,0,0
12,00:00:00.534,0.5356,-10.977,30,5.001,0,0,-1.216838,0,1829.399,15.65649,0,0
12,00:00:00.536,0.5372,-10.977,30,5.001,0,0,-1.216838,0,1854.447,15.651,0,0
12,00:00:00.537,0.5388,-10.977,30,5,-8.916736,-4.458368,-0.2050791,0,1895.572,22.8725,0,0
12,00:00:00.539,0.5404,-10.977,30,5,-8.916736,-4.458368,-0.2050791,0,1937.861,11.12299,0,0
13,00:00:00.540,0.542,-10.977,30,5,-8.916736,-4.458368,-0.2050791,0,1989.004,3.900497,0,0
13,00:00:00.542,0.5436,-10.977,29.9985,4.9995,-38.63925,-19.31963,0.5430134,0,2048.769,13.8395,0,0
13,00:00:00.544,0.5452,-10.977,29.99699,4.999,-68.36177,-34.18089,1.291106,0,2103.407,44.11449,0,0
13,00:00:00.545,0.5468,-10.977,29.99699,4.999,-68.36177,-34.18089,1.291106,0,2167.832,60.832,0,0
13,00:00:00.547,0.5484,-10.977,29.99699,4.999,-68.36177,-34.18089,1.291106,0,2234.121,44.10849,0,0
13,00:00:00.548,0.55,-10.977,29.991,4.996,-116.2893,-58.14465,1.984931,0,2305.418,28.74399,0,0
13,00:00:00.550,0.5516,-10.977,29.985,4.993,-164.2169,-82.10842,2.678756,0,2388.25,40.04199,0,0
13,00:00:00.552,0.5532,-10.977,29.985,4.993,-164.2169,-82.10842,2.678756,0,2476.557,45.01149,0,0
13,00:00:00.553,0.5548,-10.977,29.985,4.993,-164.2169,-82.10842,2.678756,0,2571.388,49.98149,0,0
13,00:00:00.555,0.5564,-10.977,29.963,4.982,-260.815,-130.4075,3.247109,0,2676.354,47.271,0,0
13,00:00:00.556,0.558,-10.977,29.963,4.982,-260.815,-130.4075,3.247109,0,2784.583,49.0825,0,0
13,00:00:00.558,0.5596,-10.977,29.963,4.982,-260.815,-130.4075,3.247109,0,2886.986,47.7235,0,0
13,00:00:00.560,0.5612,-10.977,29.963,4.982,-260.815,-130.4075,3.247109,0,2982.4,46.35601,0,0
13,00:00:00.561,0.5628,-10.977,29.932,4.966,-357.4131,-178.7066,2.94111,0,3069.658,49.06601,0,0
13,00:00:00.563,0.5644,-10.977,29.932,4.966,-357.4131,-178.7066,2.94111,0,3127.908,45.00101,0,0
13,00:00:00.564,0.566,-10.977,29.932,4.966,-357.4131,-178.7066,2.94111,0,3145.5,39.1345,0,0
13,00:00:00.566,0.5676,-10.977,29.9115,4.956,-405.7122,-202.8561,2.455005,0,3131.403,25.121,0,0
13,00:00:00.568,0.5692,-10.977,29.891,4.946,-454.0113,-227.0056,1.968901,0,3117.307,37.323,0,0
13,00:00:00.569,0.5708,-10.977,29.891,4.946,-454.0113,-227.0056,1.968901,0,3093.191,37.323,0,0
13,00:00:00.571,0.5724,-10.977,29.891,4.946,-454.0113,-227.0056,1.968901,0,3078.396,42.73751,0,0
13,00:00:00.572,0.574,-10.977,29.866,4.9335,-502.3104,-251.1552,1.490953,0,3066.629,38.23,0,0
13,00:00:00.574,0.5756,-10.977,29.841,4.921,-550.6094,-275.3047,1.013004,0,3066.513,31.89851,0,0
13,00:00:00.576,0.5772,-10.977,29.841,4.921,-550.6094,-275.3047,1.013004,0,3071.755,29.6385,0,0
13,00:00:00.577,0.5788,-10.977,29.841,4.921,-550.6094,-275.3047,1.013004,0,3085.502,32.3525,0,0
13,00:00:00.579,0.5804,-10.977,29.78,4.89,-647.2076,-323.6038,0.2850097,0,3090.396,29.637,0,0
13,00:00:00.580,0.582,-10.977,29.78,4.89,-647.2076,-323.6038,0.2850097,0,3095.055,36.41201,0,0
14,00:00:00.582,0.5836,-10.977,29.78,4.89,-647.2076,-323.6038,0.2850097,0,3088.182,32.34651,0,0
14,00:00:00.584,0.5852,-10.977,29.78,4.89,-647.2076,-323.6038,0.2850097,0,3094.939,34.15501,0,0
14,00:00:00.585,0.5868,-10.977,29.71,4.855,-743.8058,-371.9029,-0.0194532,0,3109.036,28.73351,0,0
14,00:00:00.587,0.5884,-10.977,29.71,4.855,-743.8058,-371.9029,-0.0194532,0,3138.743,22.853,0,0
14,00:00:00.588,0.59,-10.977,29.71,4.855,-743.8058,-371.9029,-0.0194532,0,3171.829,33.23801,0,0
14,00:00:00.590,0.5916,-10.977,29.6705,4.8355,-792.1048,-396.0524,0.06047734,0,3195.595,28.715,0,0
14,00:00:00.592,0.5932,-10.977,29.631,4.816,-840.4038,-420.202,0.1404079,0,3210.507,44.98451,0,0
14,00:00:00.593,0.5948,-10.977,29.631,4.816,-840.4038,-420.202,0.1404079,0,3203.517,57.6395,0,0
14,00:00:00.595,0.5964,-10.977,29.631,4.816,-840.4038,-420.202,0.1404079,0,3180.916,49.04601,0,0
14,00:00:00.596,0.598,-10.977,29.5865,4.793499,-888.7029,-444.3515,0.4082841,0,3163.324,22.37901,0,0
14,00:00:00.598,0.5996,-10.977,29.542,4.770999,-937.002,-468.501,0.6761603,0,3165.654,21.922,0,0
14,00:00:00.600,0.6012,-10.977,29.542,4.770999,-937.002,-468.501,0.6761603,0,3191.634,32.7815,0,0
14,00:00:00.601,0.6028,-10.977,29.542,4.770999,-937.002,-468.501,0.6761603,0,3224.72,39.56051,0,0
14,00:00:00.603,0.6044,-10.977,29.443,4.722,-1033.6,-516.8001,1.405683,0,3223.671,25.99651,0,0
14,00:00:00.604,0.606,-10.977,29.443,4.722,-1033.6,-516.8001,1.405683,0,3234.739,37.73701,0,0
14,00:00:00.606,0.6076,-10.977,29.443,4.722,-1033.6,-516.8001,1.405683,0,3271.203,22.84051,0,0
14,00:00:00.608,0.6092,-10.977,29.443,4.722,-1033.6,-516.8001,1.405683,0,3304.057,20.57401,0,0
14,00:00:00.609,0.6108,-10.977,29.334,4.667,-1130.198,-565.0992,2.106133,0,3303.59,30.05051,0,0
14,00:00:00.611,0.6124,-10.977,29.334,4.667,-1130.198,-565.0992,2.106133,0,3347.161,37.2705,0,0
14,00:00:00.612,0.614,-10.977,29.334,4.667,-1130.198,-565.0992,2.106133,0,3390.383,36.83201,0,0
14,00:00:00.614,0.6156,-10.977,29.275,4.6375,-1178.497,-589.2487,2.204165,0,3415.664,21.4855,0,0
14,00:00:00.616,0.6172,-10.977,29.216,4.608,-1226.796,-613.3983,2.302196,0,3439.663,5.215508,0,0
14,00:00:00.617,0.6188,-10.977,29.216,4.608,-1226.796,-613.3983,2.302196,0,3467.623,22.3625,0,0
14,00:00:00.619,0.6204,-10.977,29.216,4.608,-1226.796,-613.3983,2.302196,0,3494.417,25.99001,0,0
14,00:00:00.620,0.622,-10.977,29.152,4.576,-1275.095,-637.5477,2.240281,0,3512.708,34.12901,0,0
14,00:00:00.622,0.6236,-10.977,29.088,4.544,-1323.395,-661.6973,2.178367,0,3506.067,29.134,0,0
15,00:00:00.624,0.6252,-10.977,29.088,4.544,-1323.395,-661.6973,2.178367,0,3500.359,25.97701,0,0
15,00:00:00.625,0.6268,-10.977,29.088,4.544,-1323.395,-661.6973,2.178367,0,3479.389,19.68101,0,0
15,00:00:00.627,0.6284,-10.977,28.951,4.476,-1419.993,-709.9965,1.583151,0,3453.06,25.53151,0,0
15,00:00:00.628,0.63,-10.977,28.951,4.476,-1419.993,-709.9965,1.583151,0,3448.75,26.425,0,0
15,00:00:00.630,0.6316,-10.977,28.951,4.476,-1419.993,-709.9965,1.583151,0,3417.062,16.95901,0,0
15,00:00:00.632,0.6332,-10.977,28.951,4.476,-1419.993,-709.9965,1.583151,0,3403.78,18.757,0,0
15,00:00:00.633,0.6348,-10.977,28.804,4.402,-1516.591,-758.2953,0.985919,0,3369.413,29.1265,0,0
15,00:00:00.635,0.6364,-10.977,28.804,4.402,-1516.591,-758.2953,0.985919,0,3356.249,26.44401,0,0
15,00:00:00.636,0.638,-10.977,28.804,4.402,-1516.591,-758.2953,0.985919,0,3354.734,21.913,0,0
15,00:00:00.638,0.6396,-10.977,28.7255,4.363,-1564.89,-782.4449,0.7636857,0,3343.667,40.43001,0,0
15,00:00:00.640,0.6412,-10.977,28.647,4.324,-1613.189,-806.5946,0.5414523,0,3364.054,24.64801,0,0
15,00:00:00.641,0.6428,-10.977,28.647,4.324,-1613.189,-806.5946,0.5414523,0,3367.316,32.76501,0,0
15,00:00:00.643,0.6444,-10.977,28.647,4.324,-1613.189,-806.5946,0.5414523,0,3380.364,43.146,0,0
15,00:00:00.644,0.646,-10.977,28.5635,4.282,-1661.488,-830.7441,0.5293366,0,3421.955,32.785,0,0
15,00:00:00.646,0.6476,-10.977,28.48,4.24,-1709.787,-854.8937,0.5172208,0,3416.013,35.91351,0,0
15,00:00:00.648,0.6492,-10.977,28.48,4.24,-1709.787,-854.8937,0.5172208,0,3410.538,27.34351,0,0
15,00:00:00.649,0.6508,-10.977,28.48,4.24,-1709.787,-854.8937,0.5172208,0,3391.665,22.39101,0,0
15,00:00:00.651,0.6524,-10.977,28.304,4.152,-1806.385,-903.1929,0.762518,0,3395.858,39.082,0,0
15,00:00:00.652,0.654,-10.977,28.304,4.152,-1806.385,-903.1929,0.762518,0,3377.685,20.12751,0,0
15,00:00:00.654,0.6556,-10.977,28.304,4.152,-1806.385,-903.1929,0.762518,0,3376.519,24.1785,0,0
15,00:00:00.656,0.6572,-10.977,28.304,4.152,-1806.385,-903.1929,0.762518,0,3354.151,29.5835,0,0
15,00:00:00.657,0.6588,-10.977,28.119,4.06,-1902.983,-951.4918,1.273462,0,3373.141,10.63051,0,0
15,00:00:00.659,0.6604,-10.977,28.119,4.06,-1902.983,-951.4918,1.273462,0,3354.851,28.677,0,0
15,00:00:00.660,0.662,-10.977,28.119,4.06,-1902.983,-951.4918,1.273462,0,3379.432,24.20151,0,0
15,00:00:00.662,0.6636,-10.977,28.021,4.011,-1951.282,-975.6413,1.429102,0,3378.616,29.59251,0,0
15,00:00:00.664,0.6652,-10.977,27.923,3.961999,-1999.582,-999.7908,1.584742,0,3380.597,15.15051,0,0
16,00:00:00.665,0.6668,-10.977,27.923,3.961999,-1999.582,-999.7908,1.584742,0,3390.267,21.0305,0,0
16,00:00:00.667,0.6684,-10.977,27.923,3.961999,-1999.582,-999.7908,1.584742,0,3373.84,34.11551,0,0
16,00:00:00.668,0.67,-10.977,27.8205,3.9105,-2047.88,-1023.94,1.619565,0,3390.616,16.96551,0,0
16,00:00:00.670,0.6716,-10.977,27.71799,3.859,-2096.179,-1048.09,1.654389,0,3382.344,31.3915,0,0
16,00:00:00.672,0.6732,-10.977,27.71799,3.859,-2096.179,-1048.09,1.654389,0,3385.373,15.6115,0,0
16,00:00:00.673,0.6748,-10.977,27.71799,3.859,-2096.179,-1048.09,1.654389,0,3361.141,21.92001,0,0
16,00:00:00.675,0.6764,-10.977,27.503,3.752,-2187.164,-1093.582,1.513037,0,3354.85,8.835999,0,0
16,00:00:00.676,0.678,-10.977,27.503,3.752,-2187.164,-1093.582,1.513037,0,3303.357,16.50951,0,0
16,00:00:00.678,0.6796,-10.977,27.503,3.752,-2187.164,-1093.582,1.513037,0,3241.263,14.70551,0,0
16,00:00:00.680,0.6812,-10.977,27.503,3.752,-2187.164,-1093.582,1.513037,0,3206.662,19.21951,0,0
16,00:00:00.681,0.6828,-10.977,27.282,3.641,-2232.573,-1116.287,1.371592,0,3156.451,27.35351,0,0
16,00:00:00.683,0.6844,-10.977,27.282,3.641,-2232.573,-1116.287,1.371592,0,3183.712,22.408,0,0
16,00:00:00.684,0.686,-10.977,27.282,3.641,-2232.573,-1116.287,1.371592,0,3183.362,22.851,0,0
16,00:00:00.686,0.6876,-10.977,27.17,3.585,-2234.32,-1117.16,1.239751,0,3163.441,20.6095,0,0
16,00:00:00.688,0.6892,-10.977,27.058,3.529,-2236.068,-1118.034,1.10791,0,3172.295,23.75301,0,0
16,00:00:00.689,0.6908,-10.977,27.058,3.529,-2236.068,-1118.034,1.10791,0,3185.11,17.89201,0,0
16,00:00:00.691,0.6924,-10.977,27.058,3.529,-2236.068,-1118.034,1.10791,0,3164.373,36.865,0,0
16,00:00:00.692,0.694,-10.977,26.9465,3.4735,-2236.068,-1118.034,1.037425,0,3090.861,21.05,0,0
16,00:00:00.694,0.6956,-10.977,26.835,3.418,-2236.068,-1118.034,0.9669394,0,3069.658,5.695496,0,0
16,00:00:00.696,0.6972,-10.977,26.835,3.418,-2236.068,-1118.034,0.9669394,0,3054.281,2.538994,0,0
16,00:00:00.697,0.6988,-10.977,26.835,3.418,-2236.068,-1118.034,0.9669394,0,3064.183,8.429001,0,0
16,00:00:00.699,0.7004,-10.977,26.611,3.306,-2236.068,-1118.034,0.9220871,0,3044.727,22.88299,0,0
16,00:00:00.700,0.702,-10.977,26.611,3.306,-2236.068,-1118.034,0.9220871,0,3026.67,12.515,0,0
16,00:00:00.702,0.7036,-10.977,26.611,3.306,-2236.068,-1118.034,0.9220871,0,3032.146,8.897499,0,0
16,00:00:00.704,0.7052,-10.977,26.611,3.306,-2236.068,-1118.034,0.9220871,0,3011.059,19.745,0,0
16,00:00:00.705,0.7068,-10.977,26.387,3.194,-2236.068,-1118.034,0.9952279,0,2973.313,21.0955,0,0
17,00:00:00.707,0.7084,-10.977,26.387,3.194,-2236.068,-1118.034,0.9952279,0,2936.382,11.5995,0,0
17,00:00:00.708,0.71,-10.977,26.387,3.194,-2236.068,-1118.034,0.9952279,0,2924.965,7.531502,0,0
17,00:00:00.710,0.7116,-10.977,26.2755,3.138,-2236.068,-1118.034,1.017123,0,2925.548,16.114,0,0
17,00:00:00.712,0.7132,-10.977,26.16399,3.082,-2236.068,-1118.034,1.039019,0,2902.597,0.3114967,0,0
17,00:00:00.713,0.7148,-10.977,26.16399,3.082,-2236.068,-1118.034,1.039019,0,2893.86,11.5975,0,0
17,00:00:00.715,0.7164,-10.977,26.16399,3.082,-2236.068,-1118.034,1.039019,0,2866.017,11.168,0,0
17,00:00:00.716,0.718,-10.977,26.05199,3.026,-2236.068,-1118.034,1.093217,0,2822.096,22.9065,0,0
17,00:00:00.718,0.7196,-10.977,25.93999,2.97,-2236.068,-1118.034,1.147415,0,2806.252,12.5345,0,0
17,00:00:00.720,0.7212,-10.977,25.93999,2.97,-2236.068,-1118.034,1.147415,0,2765.71,10.7245,0,0
17,00:00:00.721,0.7228,-10.977,25.93999,2.97,-2236.068,-1118.034,1.147415,0,2766.292,8.480003,0,0
17,00:00:00.723,0.7244,-10.977,25.716,2.858,-2236.068,-1118.034,1.176024,0,2736.935,21.1275,0,0
17,00:00:00.724,0.726,-10.977,25.716,2.858,-2236.068,-1118.034,1.176024,0,2766.176,9.374004,0,0
17,00:00:00.726,0.7276,-10.977,25.716,2.858,-2236.068,-1118.034,1.176024,0,2732.74,12.53251,0,0
17,00:00:00.728,0.7292,-10.977,25.716,2.858,-2236.068,-1118.034,1.176024,0,2710.256,16.5735,0,0
17,00:00:00.729,0.7308,-10.977,25.493,2.747,-2236.068,-1118.034,1.215001,0,2751.031,0.3350029,0,0
17,00:00:00.731,0.7324,-10.977,25.493,2.747,-2236.068,-1118.034,1.215001,0,2690.218,11.1725,0,0
17,00:00:00.732,0.734,-10.977,25.493,2.747,-2236.068,-1118.034,1.215001,0,2708.858,3.508007,0,0
17,00:00:00.734,0.7356,-10.977,25.381,2.691,-2236.068,-1118.034,1.2153,0,2661.559,7.124004,0,0
17,00:00:00.736,0.7372,-10.977,25.269,2.635,-2236.068,-1118.034,1.215599,0,2679.383,6.691502,0,0
17,00:00:00.737,0.7388,-10.977,25.269,2.635,-2236.068,-1118.034,1.215599,0,2668.199,6.685501,0,0
17,00:00:00.739,0.7404,-10.977,25.269,2.635,-2236.068,-1118.034,1.215599,0,2679.85,10.3,0,0
17,00:00:00.740,0.742,-10.977,25.1575,2.579,-2236.068,-1118.034,1.174623,0,2696.16,18.43101,0,0
17,00:00:00.742,0.7436,-10.977,25.046,2.523,-2236.068,-1118.034,1.133647,0,2680.548,19.3195,0,0
17,00:00:00.744,0.7452,-10.977,25.046,2.523,-2236.068,-1118.034,1.133647,0,2696.509,-4.155003,0,0
17,00:00:00.745,0.7468,-10.977,25.046,2.523,-2236.068,-1118.034,1.133647,0,2713.984,13.4435,0,0
17,00:00:00.747,0.7484,-10.977,24.822,2.411,-2236.068,-1118.034,1.035617,0,2703.499,0.8115005,0,0
18,00:00:00.748,0.75,-10.977,24.822,2.411,-2236.068,-1118.034,1.035617,0,2682.063,15.7065,0,0
18,00:00:00.750,0.7516,-10.977,24.822,2.411,-2236.068,-1118.034,1.035617,0,2612.629,12.5605,0,0
18,00:00:00.752,0.7532,-10.977,24.822,2.411,-2236.068,-1118.034,1.035617,0,2607.619,19.782,0,0
18,00:00:00.753,0.7548,-10.977,24.598,2.299,-2236.068,-1118.034,1.016943,0,2572.669,11.66401,0,0
18,00:00:00.755,0.7564,-10.977,24.598,2.299,-2236.068,-1118.034,1.016943,0,2599.115,15.743,0,0
18,00:00:00.756,0.758,-10.977,24.598,2.299,-2236.068,-1118.034,1.016943,0,2598.066,21.1625,0,0
18,00:00:00.758,0.7596,-10.977,24.4865,2.2435,-2236.068,-1118.034,0.9800996,0,2603.892,17.11,0,0
18,00:00:00.760,0.7612,-10.977,24.375,2.188,-2236.068,-1118.034,0.943256,0,2643.152,20.71,0,0
18,00:00:00.761,0.7628,-10.977,24.375,2.188,-2236.068,-1118.034,0.943256,0,2597.717,19.356,0,0
18,00:00:00.763,0.7644,-10.977,24.375,2.188,-2236.068,-1118.034,0.943256,0,2570.339,30.6315,0,0
18,00:00:00.764,0.766,-10.977,24.263,2.132,-2236.068,-1118.034,0.9636146,0,2557.408,14.3755,0,0
18,00:00:00.766,0.7676,-10.977,24.151,2.076,-2236.068,-1118.034,0.9839731,0,2516.75,19.3395,0,0
18,00:00:00.768,0.7692,-10.977,24.151,2.076,-2236.068,-1118.034,0.9839731,0,2434.034,22.511,0,0
18,00:00:00.769,0.7708,-10.977,24.151,2.076,-2236.068,-1118.034,0.9839731,0,2409.453,7.615501,0,0
18,00:00:00.771,0.7724,-10.977,23.92799,1.964,-2236.068,-1118.034,0.980523,0,2447.665,17.1145,0,0
18,00:00:00.772,0.774,-10.977,23.92799,1.964,-2236.068,-1118.034,0.980523,0,2439.626,25.261,0,0
18,00:00:00.774,0.7756,-10.977,23.92799,1.964,-2236.068,-1118.034,0.980523,0,2425.064,38.348,0,0
18,00:00:00.776,0.7772,-10.977,23.92799,1.964,-2236.068,-1118.034,0.980523,0,2386.735,13.056,0,0
18,00:00:00.777,0.7788,-10.977,23.70399,1.852,-2236.068,-1118.034,1.140567,0,2355.63,23.87,0,0
18,00:00:00.779,0.7804,-10.977,23.70399,1.852,-2236.068,-1118.034,1.140567,0,2388.833,11.228,0,0
18,00:00:00.780,0.782,-10.977,23.70399,1.852,-2236.068,-1118.034,1.140567,0,2386.619,19.795,0,0
18,00:00:00.782,0.7836,-10.977,23.592,1.796,-2236.068,-1118.034,1.138501,0,2359.591,24.761,0,0
18,00:00:00.784,0.7852,-10.977,23.48,1.74,-2236.068,-1118.034,1.136436,0,2358.193,8.957998,0,0
18,00:00:00.785,0.7868,-10.977,23.48,1.74,-2236.068,-1118.034,1.136436,0,2392.91,3.091002,0,0
18,00:00:00.787,0.7884,-10.977,23.48,1.74,-2236.068,-1118.034,1.136436,0,2369.377,20.2585,0,0
18,00:00:00.788,0.79,-10.977,23.3685,1.6845,-2236.068,-1118.034,1.141968,0,2334.427,27.947,0,0
19,00:00:00.790,0.7916,-10.977,23.257,1.629,-2236.068,-1118.034,1.1475,0,2357.145,10.3385,0,0
19,00:00:00.792,0.7932,-10.977,23.257,1.629,-2236.068,-1118.034,1.1475,0,2390.813,15.751,0,0
19,00:00:00.793,0.7948,-10.977,23.257,1.629,-2236.068,-1118.034,1.1475,0,2424.598,27.0605,0,0
19,00:00:00.795,0.7964,-10.977,23.033,1.517,-2236.068,-1118.034,1.062207,0,2436.831,16.649,0,0
19,00:00:00.796,0.798,-10.977,23.033,1.517,-2236.068,-1118.034,1.062207,0,2402.347,11.2235,0,0
19,00:00:00.798,0.7996,-10.977,23.033,1.517,-2236.068,-1118.034,1.062207,0,2447.548,8.5145,0,0
19,00:00:00.800,0.8012,-10.977,23.033,1.517,-2236.068,-1118.034,1.062207,0,2420.986,23.8685,0,0
19,00:00:00.801,0.8028,-10.977,22.81,1.405,-2236.068,-1118.034,1.014153,0,2401.647,17.086,0,0
19,00:00:00.803,0.8044,-10.977,22.81,1.405,-2236.068,-1118.034,1.014153,0,2387.551,8.065001,0,0
19,00:00:00.804,0.806,-10.977,22.81,1.405,-2236.068,-1118.034,1.014153,0,2347.358,5.8155,0,0
19,00:00:00.806,0.8076,-10.977,22.6985,1.3495,-2225.923,-1112.962,1.027643,0,2327.437,8.095499,0,0
19,00:00:00.808,0.8092,-10.977,22.587,1.294,-2215.778,-1107.889,1.041134,0,2322.66,7.637001,0,0
19,00:00:00.809,0.8108,-10.977,22.587,1.294,-2215.778,-1107.889,1.041134,0,2303.788,-5.462498,0,0
19,00:00:00.811,0.8124,-10.977,22.587,1.294,-2215.778,-1107.889,1.041134,0,2283.167,13.498,0,0
19,00:00:00.812,0.814,-10.977,22.478,1.2395,-2178.611,-1089.306,1.061227,0,2267.439,8.981503,0,0
19,00:00:00.814,0.8156,-10.977,22.369,1.185,-2141.445,-1070.722,1.081319,0,2269.886,4.9055,0,0
19,00:00:00.816,0.8172,-10.977,22.369,1.185,-2141.445,-1070.722,1.081319,0,2259.867,6.677505,0,0
19,00:00:00.817,0.8188,-10.977,22.369,1.185,-2141.445,-1070.722,1.081319,0,2224.218,-6.852501,0,0
19,00:00:00.819,0.8204,-10.977,22.16,1.08,-2044.969,-1022.485,1.079625,0,2178.667,2.632999,0,0
19,00:00:00.820,0.822,-10.977,22.16,1.08,-2044.969,-1022.485,1.079625,0,2172.841,-10.0145,0,0
19,00:00:00.822,0.8236,-10.977,22.16,1.08,-2044.969,-1022.485,1.079625,0,2192.996,-4.134001,0,0
19,00:00:00.824,0.8252,-10.977,22.16,1.08,-2044.969,-1022.485,1.079625,0,2192.763,-7.761497,0,0
19,00:00:00.825,0.8268,-10.977,21.96,0.98,-1948.371,-974.1857,1.085399,0,2195.093,1.729496,0,0
19,00:00:00.827,0.8284,-10.977,21.96,0.98,-1948.371,-974.1857,1.085399,0,2179.832,-7.299997,0,0
19,00:00:00.828,0.83,-10.977,21.96,0.98,-1948.371,-974.1857,1.085399,0,2176.104,-1.451,0,0
19,00:00:00.830,0.8316,-10.977,21.8655,0.9329998,-1900.072,-950.0361,1.104565,0,2183.56,-1.896004,0,0
20,00:00:00.832,0.8332,-10.977,21.771,0.8859997,-1851.773,-925.8865,1.12373,0,2179.832,-0.08150101,0,0
20,00:00:00.833,0.8348,-10.977,21.771,0.8859997,-1851.773,-925.8865,1.12373,0,2186.938,-0.9970016,0,0
20,00:00:00.835,0.8364,-10.977,21.771,0.8859997,-1851.773,-925.8865,1.12373,0,2222.004,-10.0335,0,0
20,00:00:00.836,0.838,-10.977,21.681,0.8409998,-1803.474,-901.7371,1.107981,0,2242.858,-5.064503,0,0
20,00:00:00.838,0.8396,-10.977,21.591,0.796,-1755.175,-877.5875,1.092232,0,2252.411,6.225002,0,0
20,00:00:00.840,0.8412,-10.977,21.591,0.796,-1755.175,-877.5875,1.092232,0,2262.896,-5.5075,0,0
20,00:00:00.841,0.8428,-10.977,21.591,0.796,-1755.175,-877.5875,1.092232,0,2245.771,0.8094978,0,0
20,00:00:00.843,0.8444,-10.977,21.42,0.71,-1658.577,-829.2883,1.063417,0,2209.772,-2.816498,0,0
20,00:00:00.844,0.846,-10.977,21.42,0.71,-1658.577,-829.2883,1.063417,0,2166.55,4.870003,0,0
20,00:00:00.846,0.8476,-10.977,21.42,0.71,-1658.577,-829.2883,1.063417,0,2123.678,-7.774998,0,0
20,00:00:00.848,0.8492,-10.977,21.42,0.71,-1658.577,-829.2883,1.063417,0,2085.233,-5.996998,0,0
20,00:00:00.849,0.8508,-10.977,21.259,0.6300001,-1561.979,-780.9893,1.136631,0,2059.137,-3.749001,0,0
20,00:00:00.851,0.8524,-10.977,21.259,0.6300001,-1561.979,-780.9893,1.136631,0,2083.719,1.242504,0,0
20,00:00:00.852,0.854,-10.977,21.259,0.6300001,-1561.979,-780.9893,1.136631,0,2095.485,0.3475037,0,0
20,00:00:00.854,0.8556,-10.977,21.18349,0.592,-1513.679,-756.8398,1.151463,0,2086.166,-1.914497,0,0
20,00:00:00.856,0.8572,-10.977,21.10799,0.5539999,-1465.38,-732.6903,1.166294,0,2065.662,-0.5564995,0,0
20,00:00:00.857,0.8588,-10.977,21.10799,0.5539999,-1465.38,-732.6903,1.166294,0,2045.507,-5.512001,0,0
20,00:00:00.859,0.8604,-10.977,21.10799,0.5539999,-1465.38,-732.6903,1.166294,0,2022.44,-1.907997,0,0
20,00:00:00.860,0.862,-10.977,21.03749,0.5189998,-1417.081,-708.5407,1.176763,0,2006.829,-5.982498,0,0
20,00:00:00.862,0.8636,-10.977,20.967,0.4839997,-1368.782,-684.3911,1.187232,0,2028.149,9.368,0,0
20,00:00:00.864,0.8652,-10.977,20.967,0.4839997,-1368.782,-684.3911,1.187232,0,2048.187,-5.088997,0,0
20,00:00:00.865,0.8668,-10.977,20.967,0.4839997,-1368.782,-684.3911,1.187232,0,2066.011,3.035999,0,0
20,00:00:00.867,0.8684,-10.977,20.835,0.4179997,-1272.184,-636.0922,1.210244,0,2062.05,0.3264999,0,0
20,00:00:00.868,0.87,-10.977,20.835,0.4179997,-1272.184,-636.0922,1.210244,0,2078.243,10.708,0,0
20,00:00:00.870,0.8716,-10.977,20.835,0.4179997,-1272.184,-636.0922,1.210244,0,2089.777,2.5895,0,0
20,00:00:00.872,0.8732,-10.977,20.835,0.4179997,-1272.184,-636.0922,1.210244,0,2091.757,6.649002,0,0
21,00:00:00.873,0.8748,-10.977,20.713,0.3569999,-1175.586,-587.7929,1.159789,0,2096.767,12.5095,0,0
21,00:00:00.875,0.8764,-10.977,20.713,0.3569999,-1175.586,-587.7929,1.159789,0,2110.397,13.8595,0,0
21,00:00:00.876,0.878,-10.977,20.713,0.3569999,-1175.586,-587.7929,1.159789,0,2105.271,8.451,0,0
21,00:00:00.878,0.8796,-10.977,20.657,0.329,-1127.287,-563.6434,1.0873,0,2088.729,15.2285,0,0
21,00:00:00.880,0.8812,-10.977,20.601,0.3010001,-1078.988,-539.4939,1.014811,0,2074.748,13.426,0,0
21,00:00:00.881,0.8828,-10.977,20.601,0.3010001,-1078.988,-539.4939,1.014811,0,2034.09,14.778,0,0
21,00:00:00.883,0.8844,-10.977,20.601,0.3010001,-1078.988,-539.4939,1.014811,0,2020.11,15.6795,0,0
21,00:00:00.884,0.886,-10.977,20.5495,0.2750001,-1030.689,-515.3444,1.019255,0,2017.43,17.9405,0,0
21,00:00:00.886,0.8876,-10.977,20.49799,0.2490001,-982.3896,-491.1948,1.0237,0,2007.994,17.046,0,0
21,00:00:00.888,0.8892,-10.977,20.49799,0.2490001,-982.3896,-491.1948,1.0237,0,2001.004,17.046,0,0
21,00:00:00.889,0.8908,-10.977,20.49799,0.2490001,-982.3896,-491.1948,1.0237,0,1992.732,17.0385,0,0
21,00:00:00.891,0.8924,-10.977,20.405,0.2030001,-885.7915,-442.8958,1.067163,0,1982.131,-6.443497,0,0
21,00:00:00.892,0.894,-10.977,20.405,0.2030001,-885.7915,-442.8958,1.067163,0,1961.627,-32.64849,0,0
21,00:00:00.894,0.8956,-10.977,20.405,0.2030001,-885.7915,-442.8958,1.067163,0,1958.132,-6.456997,0,0
21,00:00:00.896,0.8972,-10.977,20.405,0.2030001,-885.7915,-442.8958,1.067163,0,1962.559,36.442,0,0
21,00:00:00.897,0.8988,-10.977,20.322,0.1609998,-789.1933,-394.5966,1.179783,0,1960.113,18.3635,0,0
21,00:00:00.899,0.9004,-10.977,20.322,0.1609998,-789.1933,-394.5966,1.179783,0,1955.918,-12.349,0,0
21,00:00:00.900,0.902,-10.977,20.322,0.1609998,-789.1933,-394.5966,1.179783,0,1954.404,-19.1205,0,0
21,00:00:00.902,0.9036,-10.977,20.285,0.1424999,-740.8943,-370.4471,1.190961,0,1958.016,12.049,0,0
21,00:00:00.904,0.9052,-10.977,20.24799,0.1240001,-692.5953,-346.2976,1.20214,0,1958.132,-0.1470032,0,0
21,00:00:00.905,0.9068,-10.977,20.24799,0.1240001,-692.5953,-346.2976,1.20214,0,1956.967,-1.049004,0,0
21,00:00:00.907,0.9084,-10.977,20.24799,0.1240001,-692.5953,-346.2976,1.20214,0,1956.85,-1.504997,0,0
21,00:00:00.908,0.91,-10.977,20.216,0.108,-644.2961,-322.1481,1.226199,0,1956.85,3.464996,0,0
21,00:00:00.910,0.9116,-10.977,20.184,0.09200001,-595.997,-297.9985,1.250259,0,1955.569,-5.567001,0,0
21,00:00:00.912,0.9132,-10.977,20.184,0.09200001,-595.997,-297.9985,1.250259,0,1950.21,-7.828003,0,0
21,00:00:00.913,0.9148,-10.977,20.184,0.09200001,-595.997,-297.9985,1.250259,0,1944.152,-0.5964966,0,0
22,00:00:00.915,0.9164,-10.977,20.129,0.06500006,-499.3989,-249.6996,1.191665,0,1941.006,-1.042999,0,0
22,00:00:00.916,0.918,-10.977,20.129,0.06500006,-499.3989,-249.6996,1.191665,0,1924.58,-5.111504,0,0
22,00:00:00.918,0.9196,-10.977,20.129,0.06500006,-499.3989,-249.6996,1.191665,0,1907.688,-7.370003,0,0
22,00:00:00.920,0.9212,-10.977,20.129,0.06500006,-499.3989,-249.6996,1.191665,0,1896.736,-4.670998,0,0
22,00:00:00.921,0.9228,-10.977,20.084,0.04199982,-402.8008,-201.4004,1.116907,0,1890.212,4.809494,0,0
22,00:00:00.923,0.9244,-10.977,20.084,0.04199982,-402.8008,-201.4004,1.116907,0,1880.077,2.548996,0,0
22,00:00:00.924,0.926,-10.977,20.084,0.04199982,-402.8008,-201.4004,1.116907,0,1869.242,2.099998,0,0
22,00:00:00.926,0.9276,-10.977,20.0665,0.03349996,-354.5018,-177.2509,1.080943,0,1863.767,-7.389503,0,0
22,00:00:00.928,0.9292,-10.977,20.049,0.0250001,-306.2029,-153.1015,1.044979,0,1856.078,-4.676506,0,0
22,00:00:00.929,0.9308,-10.977,20.049,0.0250001,-306.2029,-153.1015,1.044979,0,1841.981,-6.031006,0,0
22,00:00:00.931,0.9324,-10.977,20.049,0.0250001,-306.2029,-153.1015,1.044979,0,1831.147,-1.055,0,0
22,00:00:00.932,0.934,-10.977,20.0365,0.01850009,-257.9037,-128.9519,1.080015,0,1814.254,-3.309502,0,0
22,00:00:00.934,0.9356,-10.977,20.02399,0.01200008,-209.6045,-104.8022,1.115051,0,1798.644,-4.218506,0,0
22,00:00:00.936,0.9372,-10.977,20.02399,0.01200008,-209.6045,-104.8022,1.115051,0,1774.761,-15.5115,0,0
22,00:00:00.937,0.9388,-10.977,20.02399,0.01200008,-209.6045,-104.8022,1.115051,0,1750.762,-15.5015,0,0
22,00:00:00.939,0.9404,-10.977,20.008,0.00399971,-113.0063,-56.50313,1.114722,0,1735.85,-4.203003,0,0
22,00:00:00.940,0.942,-10.977,20.008,0.00399971,-113.0063,-56.50313,1.114722,0,1715.696,-0.1405029,0,0
22,00:00:00.942,0.9436,-10.977,20.008,0.00399971,-113.0063,-56.50313,1.114722,0,1696.939,-7.831497,0,0
22,00:00:00.944,0.9452,-10.977,20.008,0.00399971,-113.0063,-56.50313,1.114722,0,1670.493,-0.6175003,0,0
22,00:00:00.945,0.9468,-10.977,20.002,0.0009999275,-30.64353,-15.32177,1.199135,0,1652.785,15.18599,0,0
22,00:00:00.947,0.9484,-10.977,20.002,0.0009999275,-30.64353,-15.32177,1.199135,0,1628.204,24.215,0,0
22,00:00:00.948,0.95,-10.977,20.002,0.0009999275,-30.64353,-15.32177,1.199135,0,1604.904,20.14001,0,0
22,00:00:00.950,0.9516,-10.977,20.001,0.0009999275,-28.14825,-7.774122,1.183445,0,1586.031,18.34051,0,0
22,00:00:00.952,0.9532,-10.977,20,0.0009999275,-25.65298,-0.2264768,1.167755,0,1576.944,26.02701,0,0
22,00:00:00.953,0.9548,-10.977,20,0.0009999275,-25.65298,-0.2264768,1.167755,0,1556.906,28.284,0,0
22,00:00:00.955,0.9564,-10.977,20,0.0009999275,-25.65298,-0.2264768,1.167755,0,1538.149,26.01851,0,0
23,00:00:00.956,0.958,-10.977,19.9965,0.0009999275,-68.62651,-0.1132384,1.149724,0,1524.519,26.92251,0,0
23,00:00:00.958,0.9596,-10.977,19.993,0.0009999275,-111.6,0,1.131694,0,1516.131,40.01951,0,0
23,00:00:00.960,0.9612,-10.977,19.993,0.0009999275,-111.6,0,1.131694,0,1508.558,32.78851,0,0
23,00:00:00.961,0.9628,-10.977,19.993,0.0009999275,-111.6,0,1.131694,0,1502.85,26.01651,0,0
23,00:00:00.963,0.9644,-10.977,19.976,0.0009999275,-219.6001,0,1.226723,0,1499.704,30.092,0,0
23,00:00:00.964,0.966,-10.977,19.976,0.0009999275,-219.6001,0,1.226723,0,1501.452,42.29501,0,0
23,00:00:00.966,0.9676,-10.977,19.976,0.0009999275,-219.6001,0,1.226723,0,1500.403,35.5155,0,0
23,00:00:00.968,0.9692,-10.977,19.976,0.0009999275,-219.6001,0,1.226723,0,1507.16,35.506,0,0
23,00:00:00.969,0.9708,-10.977,19.948,0.0009999275,-327.6001,0,2.404482,0,1514.966,36.40601,0,0
23,00:00:00.971,0.9724,-10.977,19.948,0.0009999275,-327.6001,0,2.404482,0,1528.13,40.93801,0,0
23,00:00:00.972,0.974,-10.977,19.948,0.0009999275,-327.6001,0,2.404482,0,1530.926,28.75449,0,0
23,00:00:00.974,0.9756,-10.977,19.929,0.0009999275,-381.6,0,3.445599,0,1532.208,26.941,0,0
23,00:00:00.976,0.9772,-10.977,19.91,0.0009999275,-435.5999,0,4.486716,0,1529.295,30.55199,0,0
23,00:00:00.977,0.9788,-10.977,19.91,0.0009999275,-435.5999,0,4.486716,0,1529.063,35.50951,0,0
23,00:00:00.979,0.9804,-10.977,19.91,0.0009999275,-435.5999,0,4.486716,0,1528.13,44.98151,0,0
23,00:00:00.980,0.982,-10.977,19.8855,0.0009999275,-489.6,0,5.564837,0,1529.994,43.618,0,0
23,00:00:00.982,0.9836,-10.977,19.861,0.0009999275,-543.6002,0,6.642958,0,1533.839,36.398,0,0
23,00:00:00.984,0.9852,-10.977,19.861,0.0009999275,-543.6002,0,6.642958,0,1524.169,26.926,0,0
23,00:00:00.985,0.9868,-10.977,19.861,0.0009999275,-543.6002,0,6.642958,0,1510.539,25.58199,0,0
23,00:00:00.987,0.9884,-10.977,19.8,0.0009999275,-651.6,0,8.197294,0,1493.414,35.96851,0,0
23,00:00:00.988,0.99,-10.977,19.8,0.0009999275,-651.6,0,8.197294,0,1470.929,39.562,0,0
23,00:00:00.990,0.9916,-10.977,19.8,0.0009999275,-651.6,0,8.197294,0,1455.085,38.189,0,0
23,00:00:00.992,0.9932,-10.977,19.8,0.0009999275,-651.6,0,8.197294,0,1444.6,35.93751,0,0
23,00:00:00.993,0.9948,-10.977,19.729,0.0009999275,-759.6,0,7.567787,0,1440.289,26.9285,0,0
23,00:00:00.995,0.9964,-10.977,19.729,0.0009999275,-759.6,0,7.567787,0,1431.785,46.37,0,0
23,00:00:00.996,0.998,-10.977,19.729,0.0009999275,-759.6,0,7.567787,0,1426.193,93.34351,0,0
24,00:00:00.998,0.9996,-10.977,19.6885,0.0009999275,-813.6,0,7.308023,0,1412.679,79.3095,0,0
24,00:00:01.000,1.0012,-10.977,19.64799,0.0009999275,-867.6001,0,7.04826,0,1399.748,30.4915,0,0
24,00:00:01.001,1.0028,-10.977,19.64799,0.0009999275,-867.6001,0,7.04826,0,1418.504,16.9765,0,0
24,00:00:01.003,1.0044,-10.977,19.64799,0.0009999275,-867.6001,0,7.04826,0,1438.658,35.06999,0,0
24,00:00:01.004,1.006,-10.977,19.6015,0.0009999275,-921.6001,0,6.30559,0,1441.454,53.11551,0,0
24,00:00:01.006,1.0076,-10.977,19.555,0.0009999275,-975.6,0,5.562919,0,1446.347,49.48351,0,0
24,00:00:01.008,1.0092,-10.977,19.555,0.0009999275,-975.6,0,5.562919,0,1456.366,49.034,0,0
24,00:00:01.009,1.0108,-10.977,19.555,0.0009999275,-975.6,0,5.562919,0,1469.414,57.63,0,0
24,00:00:01.011,1.0124,-10.977,19.452,0.0009999275,-1083.6,0,4.204066,0,1468.133,23.73051,0,0
24,00:00:01.012,1.014,-10.977,19.452,0.0009999275,-1083.6,0,4.204066,0,1471.395,17.84151,0,0
24,00:00:01.014,1.0156,-10.977,19.452,0.0009999275,-1083.6,0,4.204066,0,1475.24,33.22101,0,0
24,00:00:01.016,1.0172,-10.977,19.452,0.0009999275,-1083.6,0,4.204066,0,1471.395,43.17751,0,0
24,00:00:01.017,1.0188,-10.977,19.338,0.0009999275,-1191.6,0,3.597876,0,1442.037,47.6745,0,0
24,00:00:01.019,1.0204,-10.977,19.338,0.0009999275,-1191.6,0,3.597876,0,1419.669,41.3255,0,0
24,00:00:01.020,1.022,-10.977,19.338,0.0009999275,-1191.6,0,3.597876,0,1415.941,29.60101,0,0
24,00:00:01.022,1.0236,-10.977,19.2755,0.0009999275,-1245.6,0,3.671767,0,1407.903,26.91551,0,0
24,00:00:01.024,1.0252,-10.977,19.213,0.0009999275,-1299.6,0,3.745658,0,1386.932,27.347,0,0
24,00:00:01.025,1.0268,-10.977,19.213,0.0009999275,-1299.6,0,3.745658,0,1365.497,25.0745,0,0
24,00:00:01.027,1.0284,-10.977,19.213,0.0009999275,-1299.6,0,3.745658,0,1366.661,30.06151,0,0
24,00:00:01.028,1.03,-10.977,19.145,0.0009999275,-1353.6,0,4.131423,0,1364.448,41.34701,0,0
24,00:00:01.030,1.0316,-10.977,19.077,0.0009999275,-1407.6,0,4.517187,0,1366.545,26.44401,0,0
24,00:00:01.032,1.0332,-10.977,19.077,0.0009999275,-1407.6,0,4.517187,0,1380.758,9.748001,0,0
24,00:00:01.033,1.0348,-10.977,19.077,0.0009999275,-1407.6,0,4.517187,0,1397.301,30.5165,0,0
24,00:00:01.035,1.0364,-10.977,18.931,0.0009999275,-1515.6,0,5.525765,0,1396.602,44.93501,0,0
24,00:00:01.036,1.038,-10.977,18.931,0.0009999275,-1515.6,0,5.525765,0,1415.824,26.436,0,0
24,00:00:01.038,1.0396,-10.977,18.931,0.0009999275,-1515.6,0,5.525765,0,1421.183,15.14801,0,0
25,00:00:01.040,1.0412,-10.977,18.931,0.0009999275,-1515.6,0,5.525765,0,1427.358,25.078,0,0
25,00:00:01.041,1.0428,-10.977,18.77299,0.0009999275,-1623.6,0,5.916703,0,1436.095,21.936,0,0
25,00:00:01.043,1.0444,-10.977,18.77299,0.0009999275,-1623.6,0,5.916703,0,1427.009,31.391,0,0
25,00:00:01.044,1.046,-10.977,18.77299,0.0009999275,-1623.6,0,5.916703,0,1411.514,36.7985,0,0
25,00:00:01.046,1.0476,-10.977,18.689,0.0009999275,-1677.6,0,6.304177,0,1408.252,5.672012,0,0
25,00:00:01.048,1.0492,-10.977,18.605,0.0009999275,-1731.6,0,6.69165,0,1382.739,22.374,0,0
25,00:00:01.049,1.0508,-10.977,18.605,0.0009999275,-1731.6,0,6.69165,0,1367.127,14.69001,0,0
25,00:00:01.051,1.0524,-10.977,18.605,0.0009999275,-1731.6,0,6.69165,0,1353.963,33.66451,0,0
25,00:00:01.052,1.054,-10.977,18.5155,0.0009999275,-1785.6,0,6.444695,0,1336.837,41.773,0,0
25,00:00:01.054,1.0556,-10.977,18.42599,0.0009999275,-1839.6,0,6.197738,0,1345.225,27.373,0,0
25,00:00:01.056,1.0572,-10.977,18.42599,0.0009999275,-1839.6,0,6.197738,0,1332.061,11.9875,0,0
25,00:00:01.057,1.0588,-10.977,18.42599,0.0009999275,-1839.6,0,6.197738,0,1334.974,19.663,0,0
25,00:00:01.059,1.0604,-10.977,18.237,0.0009999275,-1942.246,0,5.967881,0,1344.992,5.640503,0,0
25,00:00:01.060,1.062,-10.977,18.237,0.0009999275,-1942.246,0,5.967881,0,1368.06,13.3195,0,0
25,00:00:01.062,1.0636,-10.977,18.237,0.0009999275,-1942.246,0,5.967881,0,1384.602,7.474007,0,0
25,00:00:01.064,1.0652,-10.977,18.237,0.0009999275,-1942.246,0,5.967881,0,1393.34,9.722,0,0
25,00:00:01.065,1.0668,-10.977,18.03899,0.0009999275,-1995.323,0,4.926764,0,1391.01,23.72201,0,0
25,00:00:01.067,1.0684,-10.977,18.03899,0.0009999275,-1995.323,0,4.926764,0,1402.427,12.425,0,0
25,00:00:01.068,1.07,-10.977,18.03899,0.0009999275,-1995.323,0,4.926764,0,1404.99,22.3755,0,0
25,00:00:01.070,1.0716,-10.977,17.939,0.0009999275,-1997.662,0,3.938306,0,1390.427,10.644,0,0
25,00:00:01.072,1.0732,-10.977,17.839,0.0009999275,-2000,0,2.949847,0,1363.167,15.60701,0,0
25,00:00:01.073,1.0748,-10.977,17.839,0.0009999275,-2000,0,2.949847,0,1348.371,20.1105,0,0
25,00:00:01.075,1.0764,-10.977,17.839,0.0009999275,-2000,0,2.949847,0,1338.002,14.70251,0,0
25,00:00:01.076,1.078,-10.977,17.739,0.0009999275,-2000,0,1.814379,0,1322.625,23.7255,0,0
25,00:00:01.078,1.0796,-10.977,17.639,0.0009999275,-2000,0,0.6789106,0,1315.052,16.07101,0,0
25,00:00:01.080,1.0812,-10.977,17.639,0.0009999275,-2000,0,0.6789106,0,1308.062,18.77901,0,0
26,00:00:01.081,1.0828,-10.977,17.639,0.0009999275,-2000,0,0.6789106,0,1311.673,20.57901,0,0
26,00:00:01.083,1.0844,-10.977,17.439,0.0009999275,-2000,0,-0.9590886,0,1326.003,13.79051,0,0
26,00:00:01.084,1.086,-10.977,17.439,0.0009999275,-2000,0,-0.9590886,0,1342.779,30.5175,0,0
26,00:00:01.086,1.0876,-10.977,17.439,0.0009999275,-2000,0,-0.9590886,0,1356.293,19.685,0,0
26,00:00:01.088,1.0892,-10.977,17.439,0.0009999275,-2000,0,-0.9590886,0,1373.302,23.76401,0,0
26,00:00:01.089,1.0908,-10.977,17.239,0.0009999275,-2000,0,-1.691185,0,1370.739,26.46201,0,0
26,00:00:01.091,1.0924,-10.977,17.239,0.0009999275,-2000,0,-1.691185,0,1389.495,11.10651,0,0
26,00:00:01.092,1.094,-10.977,17.239,0.0009999275,-2000,0,-1.691185,0,1386.234,33.69651,0,0
26,00:00:01.094,1.0956,-10.977,17.139,0.0009999275,-2000,0,-1.427612,0,1380.875,29.201,0,0
26,00:00:01.096,1.0972,-10.977,17.03899,0.0009999275,-2000,0,-1.164038,0,1351.283,32.33801,0,0
26,00:00:01.097,1.0988,-10.977,17.03899,0.0009999275,-2000,0,-1.164038,0,1339.866,23.2835,0,0
26,00:00:01.099,1.1004,-10.977,17.03899,0.0009999275,-2000,0,-1.164038,0,1331.595,21.03801,0,0
26,00:00:01.100,1.102,-10.977,16.939,0.0009999275,-2000,0,-0.3115665,0,1313.887,26.01001,0,0
26,00:00:01.102,1.1036,-10.977,16.839,0.0009999275,-2000,0,0.5409054,0,1300.839,20.14851,0,0
26,00:00:01.104,1.1052,-10.977,16.839,0.0009999275,-2000,0,0.5409054,0,1288.141,11.103,0,0
26,00:00:01.105,1.1068,-10.977,16.839,0.0009999275,-2000,0,0.5409054,0,1291.286,22.40701,0,0
26,00:00:01.107,1.1084,-10.977,16.639,0.0009999275,-2000,0,2.139591,0,1300.49,15.6605,0,0
26,00:00:01.108,1.11,-10.977,16.639,0.0009999275,-2000,0,2.139591,0,1310.974,8.888,0,0
26,00:00:01.110,1.1116,-10.977,16.639,0.0009999275,-2000,0,2.139591,0,1323.906,19.735,0,0
26,00:00:01.112,1.1132,-10.977,16.639,0.0009999275,-2000,0,2.139591,0,1333.109,21.528,0,0
26,00:00:01.113,1.1148,-10.977,16.439,0.0009999275,-2000,0,3.246935,0,1353.963,21.0895,0,0
26,00:00:01.115,1.1164,-10.977,16.439,0.0009999275,-2000,0,3.246935,0,1363.167,7.113003,0,0
26,00:00:01.116,1.118,-10.977,16.439,0.0009999275,-2000,0,3.246935,0,1363.05,7.987499,0,0
26,00:00:01.118,1.1196,-10.977,16.339,0.0009999275,-2000,0,3.427296,0,1365.729,15.6745,0,0
26,00:00:01.120,1.1212,-10.977,16.239,0.0009999275,-2000,0,3.607658,0,1353.38,12.049,0,0
26,00:00:01.121,1.1228,-10.977,16.239,0.0009999275,-2000,0,3.607658,0,1341.498,17.934,0,0
27,00:00:01.123,1.1244,-10.977,16.239,0.0009999275,-2000,0,3.607658,0,1325.188,0.755497,0,0
27,00:00:01.124,1.126,-10.977,16.139,0.0009999275,-2000,0,3.372519,0,1304.45,5.711494,0,0
27,00:00:01.126,1.1276,-10.977,16.03899,0.0009999275,-2000,0,3.13738,0,1296.995,16.1035,0,0
27,00:00:01.128,1.1292,-10.977,16.03899,0.0009999275,-2000,0,3.13738,0,1286.16,11.1455,0,0
27,00:00:01.129,1.1308,-10.977,16.03899,0.0009999275,-2000,0,3.13738,0,1280.685,3.0215,0,0
27,00:00:01.131,1.1324,-10.977,15.839,0.0009999275,-2000,0,1.988587,0,1282.432,13.4305,0,0
27,00:00:01.132,1.134,-10.977,15.839,0.0009999275,-2000,0,1.988587,0,1286.51,26.5125,0,0
27,00:00:01.134,1.1356,-10.977,15.839,0.0009999275,-2000,0,1.988587,0,1307.247,13.428,0,0
27,00:00:01.136,1.1372,-10.977,15.839,0.0009999275,-2000,0,1.988587,0,1315.052,9.352001,0,0
27,00:00:01.137,1.1388,-10.977,15.639,0.0009999275,-2000,0,0.7413126,0,1331.595,18.4095,0,0
27,00:00:01.139,1.1404,-10.977,15.639,0.0009999275,-2000,0,0.7413126,0,1336.255,3.958,0,0
27,00:00:01.140,1.142,-10.977,15.639,0.0009999275,-2000,0,0.7413126,0,1349.769,14.7905,0,0
27,00:00:01.142,1.1436,-10.977,15.539,0.0009999275,-2000,0,0.3460096,0,1344.177,0.3355026,0,0
27,00:00:01.144,1.1452,-10.977,15.439,0.0009999275,-2000,0,-0.04929345,0,1345.458,16.1635,0,0
27,00:00:01.145,1.1468,-10.977,15.439,0.0009999275,-2000,0,-0.04929345,0,1327.867,18.419,0,0
27,00:00:01.147,1.1484,-10.977,15.439,0.0009999275,-2000,0,-0.04929345,0,1313.654,3.065502,0,0
27,00:00:01.148,1.15,-10.977,15.339,0.0009999275,-2000,0,-0.1635733,0,1297.227,14.339,0,0
27,00:00:01.150,1.1516,-10.977,15.239,0.0009999275,-2000,0,-0.2778532,0,1289.073,7.581005,0,0
27,00:00:01.152,1.1532,-10.977,15.239,0.0009999275,-2000,0,-0.2778532,0,1273.345,15.7095,0,0
27,00:00:01.153,1.1548,-10.977,15.239,0.0009999275,-2000,0,-0.2778532,0,1269.85,12.1105,0,0
27,00:00:01.155,1.1564,-10.977,15.03899,0.0009999275,-2000,0,0.2461578,0,1262.627,7.597996,0,0
27,00:00:01.156,1.158,-10.977,15.03899,0.0009999275,-2000,0,0.2461578,0,1259.481,30.169,0,0
27,00:00:01.158,1.1596,-10.977,15.03899,0.0009999275,-2000,0,0.2461578,0,1282.432,10.3015,0,0
27,00:00:01.160,1.1612,-10.977,15.03899,0.0009999275,-2000,0,0.2461578,0,1299.208,21.1535,0,0
27,00:00:01.161,1.1628,-10.977,14.839,0.0009999275,-2000,0,1.370158,0,1305.266,9.401501,0,0
27,00:00:01.163,1.1644,-10.977,14.839,0.0009999275,-2000,0,1.370158,0,1318.43,29.2865,0,0
28,00:00:01.164,1.166,-10.977,14.839,0.0009999275,-2000,0,1.370158,0,1320.644,17.97601,0,0
28,00:00:01.166,1.1676,-10.977,14.739,0.0009999275,-2000,0,1.700348,0,1339.284,8.054497,0,0
28,00:00:01.168,1.1692,-10.977,14.639,0.0009999275,-2000,0,2.030539,0,1343.944,14.8455,0,0
28,00:00:01.169,1.1708,-10.977,14.639,0.0009999275,-2000,0,2.030539,0,1328.916,19.8035,0,0
28,00:00:01.171,1.1724,-10.977,14.639,0.0009999275,-2000,0,2.030539,0,1308.411,31.547,0,0
28,00:00:01.172,1.174,-10.977,14.539,0.0009999275,-2000,0,2.220064,0,1295.829,22.033,0,0
28,00:00:01.174,1.1756,-10.977,14.439,0.0009999275,-2000,0,2.409589,0,1289.189,14.3845,0,0
28,00:00:01.176,1.1772,-10.977,14.439,0.0009999275,-2000,0,2.409589,0,1275.209,22.0585,0,0
28,00:00:01.177,1.1788,-10.977,14.439,0.0009999275,-2000,0,2.409589,0,1256.802,16.174,0,0
28,00:00:01.179,1.1804,-10.977,14.239,0.0009999275,-2000,0,2.348377,0,1250.045,25.656,0,0
28,00:00:01.180,1.182,-10.977,14.239,0.0009999275,-2000,0,2.348377,0,1251.094,15.273,0,0
28,00:00:01.182,1.1836,-10.977,14.239,0.0009999275,-2000,0,2.348377,0,1265.306,23.4165,0,0
28,00:00:01.184,1.1852,-10.977,14.239,0.0009999275,-2000,0,2.348377,0,1270.782,8.049999,0,0
28,00:00:01.185,1.1868,-10.977,14.03899,0.0009999275,-2000,0,2.039503,0,1281.849,32.429,0,0
28,00:00:01.187,1.1884,-10.977,14.03899,0.0009999275,-2000,0,2.039503,0,1300.839,14.3855,0,0
28,00:00:01.188,1.19,-10.977,14.03899,0.0009999275,-2000,0,2.039503,0,1316.1,18.897,0,0
28,00:00:01.190,1.1916,-10.977,13.939,0.0009999275,-2000,0,1.78539,0,1317.615,13.05,0,0
28,00:00:01.192,1.1932,-10.977,13.839,0.0009999275,-2000,0,1.531276,0,1325.886,11.671,0,0
28,00:00:01.193,1.1948,-10.977,13.839,0.0009999275,-2000,0,1.531276,0,1321.11,28.4065,0,0
28,00:00:01.195,1.1964,-10.977,13.839,0.0009999275,-2000,0,1.531276,0,1313.887,21.177,0,0
28,00:00:01.196,1.198,-10.977,13.739,0.0009999275,-2000,0,1.242498,0,1286.975,21.6185,0,0
28,00:00:01.198,1.1996,-10.977,13.639,0.0009999275,-2000,0,0.95372,0,1280.102,16.198,0,0
28,00:00:01.200,1.2012,-10.977,13.639,0.0009999275,-2000,0,0.95372,0,1265.19,19.8195,0,0
28,00:00:01.201,1.2028,-10.977,13.639,0.0009999275,-2000,0,0.95372,0,1251.559,28.835,0,0
28,00:00:01.203,1.2044,-10.977,13.439,0.0009999275,-2000,0,0.5139676,0,1246.55,10.3355,0,0
28,00:00:01.204,1.206,-10.977,13.439,0.0009999275,-2000,0,0.5139676,0,1237.579,16.1965,0,0
29,00:00:01.206,1.2076,-10.977,13.439,0.0009999275,-2000,0,0.5139676,0,1243.87,18.9355,0,0
29,00:00:01.208,1.2092,-10.977,13.439,0.0009999275,-2000,0,0.5139676,0,1253.54,30.212,0,0
29,00:00:01.209,1.2108,-10.977,13.239,0.0009999275,-2000,0,0.4275632,0,1270.665,20.285,0,0
29,00:00:01.211,1.2124,-10.977,13.239,0.0009999275,-2000,0,0.4275632,0,1284.296,16.6655,0,0
29,00:00:01.212,1.214,-10.977,13.239,0.0009999275,-2000,0,0.4275632,0,1298.276,23.4575,0,0
29,00:00:01.214,1.2156,-10.977,13.139,0.0009999275,-2000,0,0.7245169,0,1304.334,20.294,0,0
29,00:00:01.216,1.2172,-10.977,13.03899,0.0009999275,-2000,0,1.021471,0,1314.469,28.413,0,0
29,00:00:01.217,1.2188,-10.977,13.03899,0.0009999275,-2000,0,1.021471,0,1315.635,20.722,0,0
29,00:00:01.219,1.2204,-10.977,13.03899,0.0009999275,-2000,0,1.021471,0,1311.557,21.6525,0,0
29,00:00:01.220,1.222,-10.977,12.939,0.0009999275,-2000,0,1.333122,0,1297.111,27.9645,0,0
29,00:00:01.222,1.2236,-10.977,12.839,0.0009999275,-2000,0,1.644773,0,1275.093,12.1485,0,0
29,00:00:01.224,1.2252,-10.977,12.839,0.0009999275,-2000,0,1.644773,0,1258.549,22.064,0,0
29,00:00:01.225,1.2268,-10.977,12.839,0.0009999275,-2000,0,1.644773,0,1247.598,15.2975,0,0
29,00:00:01.227,1.2284,-10.977,12.639,0.0009999275,-2000,0,1.91012,0,1242.24,10.789,0,0
29,00:00:01.228,1.23,-10.977,12.639,0.0009999275,-2000,0,1.91012,0,1231.754,5.371,0,0
29,00:00:01.230,1.2316,-10.977,12.639,0.0009999275,-2000,0,1.91012,0,1221.969,17.5605,0,0
29,00:00:01.232,1.2332,-10.977,12.639,0.0009999275,-2000,0,1.91012,0,1229.425,29.748,0,0
29,00:00:01.233,1.2348,-10.977,12.439,0.0009999275,-2000,0,1.797139,0,1249.346,49.625,0,0
29,00:00:01.235,1.2364,-10.977,12.439,0.0009999275,-2000,0,1.797139,0,1266.122,52.3585,0,0
29,00:00:01.236,1.238,-10.977,12.439,0.0009999275,-2000,0,1.797139,0,1271.481,55.5,0,0
29,00:00:01.238,1.2396,-10.977,12.339,0.0009999275,-2000,0,1.746464,0,1288.839,96.61501,0,0
29,00:00:01.240,1.2412,-10.977,12.239,0.0009999275,-2000,0,1.69579,0,1292.684,131.844,0,0
29,00:00:01.241,1.2428,-10.977,12.239,0.0009999275,-2000,0,1.69579,0,1263.792,231.232,0,0
29,00:00:01.243,1.2444,-10.977,12.239,0.0009999275,-2000,0,1.69579,0,1291.635,474.815,0,0
29,00:00:01.244,1.246,-10.977,12.139,0.0009999275,-2000,0,1.638686,0,1274.976,569.721,0,0
29,00:00:01.246,1.2476,-10.977,12.03899,0.0009999275,-2000,0,1.581582,0,1235.832,571.526,0,0
30,00:00:01.248,1.2492,-10.977,12.03899,0.0009999275,-2000,0,1.581582,0,1252.958,551.6584,0,0
30,00:00:01.249,1.2508,-10.977,12.03899,0.0009999275,-2000,0,1.581582,0,1238.861,549.858,0,0
30,00:00:01.251,1.2524,-10.977,11.839,0.0009999275,-2000,0,1.491851,0,1229.541,547.604,0,0
30,00:00:01.252,1.254,-10.977,11.839,0.0009999275,-2000,0,1.491851,0,1228.725,805.851,0,0
30,00:00:01.254,1.2556,-10.977,11.839,0.0009999275,-2000,0,1.491851,0,1277.888,1283.926,0,0
30,00:00:01.256,1.2572,-10.977,11.839,0.0009999275,-2000,0,1.491851,0,1195.756,1231.182,0,0
30,00:00:01.257,1.2588,-10.77699,11.639,0.0009999275,-2000,0,1.195031,0,1224.182,1334.078,0,0
30,00:00:01.259,1.2604,-10.77699,11.639,0.0009999275,-2000,0,1.195031,0,1301.771,1822.386,0,0
30,00:00:01.260,1.262,-10.77699,11.639,0.0009999275,-2000,0,1.195031,0,1257.967,2054.583,0,0
30,00:00:01.262,1.2636,-10.67699,11.539,0.0009999275,-2000,0,1.072879,0,1300.955,2577.824,0,0
30,00:00:01.264,1.2652,-10.577,11.439,0.0009999275,-2000,0,0.9507262,0,1318.081,2966.269,0,0
30,00:00:01.265,1.2668,-10.577,11.439,0.0009999275,-2000,0,0.9507262,0,1303.635,3116.656,0,0
30,00:00:01.267,1.2684,-10.577,11.439,0.0009999275,-2000,0,0.9507262,0,1362.234,3427.98,0,0
30,00:00:01.268,1.27,-10.47699,11.339,0.0009999275,-2000,0,0.9366201,0,1358.39,3834.579,0,0
30,00:00:01.270,1.2716,-10.37699,11.239,0.0009999275,-2000,0,0.922514,0,1325.071,4131.762,0,0
30,00:00:01.272,1.2732,-10.37699,11.239,0.0009999275,-2000,0,0.922514,0,1299.091,4429.392,0,0
30,00:00:01.273,1.2748,-10.37699,11.239,0.0009999275,-2000,0,0.922514,0,1291.635,4669.786,0,0
30,00:00:01.275,1.2764,-10.17699,11.03899,0.0009999275,-2000,0,1.358403,0,1277.306,4925.499,0,0
30,00:00:01.276,1.278,-10.17699,11.03899,0.0009999275,-2000,0,1.358403,0,1270.898,5342.002,0,0
30,00:00:01.278,1.2796,-10.17699,11.03899,0.0009999275,-2000,0,1.358403,0,1290.238,5704.849,0,0
30,00:00:01.280,1.2812,-10.17699,11.03899,0.0009999275,-2000,0,1.358403,0,1283.131,5927.559,0,0
30,00:00:01.281,1.2828,-9.976997,10.839,0.0009999275,-2000,0,1.70493,0,1285.228,6018.327,0,0
30,00:00:01.283,1.2844,-9.976997,10.839,0.0009999275,-2000,0,1.70493,0,1271.947,5878.698,0,0
30,00:00:01.284,1.286,-9.976997,10.839,0.0009999275,-2000,0,1.70493,0,1261.345,5730.984,0,0
30,00:00:01.286,1.2876,-9.876995,10.739,0.0009999275,-2000,0,1.744317,0,1317.964,5887.798,0,0
30,00:00:01.288,1.2892,-9.776993,10.639,0.0009999275,-2000,0,1.783703,0,1345.925,6043.194,0,0
31,00:00:01.289,1.2908,-9.776993,10.639,0.0009999275,-2000,0,1.783703,0,1325.537,5865.604,0,0
31,00:00:01.291,1.2924,-9.776993,10.639,0.0009999275,-2000,0,1.783703,0,1330.313,5783.797,0,0
31,00:00:01.292,1.294,-9.676994,10.539,0.0009999275,-2000,0,1.710868,0,1345.692,5910.254,0,0
31,00:00:01.294,1.2956,-9.576996,10.439,0.0009999275,-2000,0,1.638033,0,1338.002,5986.541,0,0
31,00:00:01.296,1.2972,-9.576996,10.439,0.0009999275,-2000,0,1.638033,0,1322.857,5981.508,0,0
31,00:00:01.297,1.2988,-9.576996,10.439,0.0009999275,-2000,0,1.638033,0,1311.79,5873.489,0,0
31,00:00:01.299,1.3004,-9.376991,10.239,0.0009999275,-2000,0,1.758144,0,1291.519,5891.139,0,0
31,00:00:01.300,1.302,-9.376991,10.239,0.0009999275,-2000,0,1.758144,0,1283.131,5977.886,0,0
31,00:00:01.302,1.3036,-9.376991,10.239,0.0009999275,-2000,0,1.758144,0,1276.49,6004.584,0,0
31,00:00:01.304,1.3052,-9.376991,10.239,0.0009999275,-2000,0,1.758144,0,1258.782,5985.213,0,0
31,00:00:01.305,1.3068,-9.176994,10.03899,0.0009999275,-2000,0,1.883795,0,1250.045,5984.801,0,0
31,00:00:01.307,1.3084,-9.176994,10.03899,0.0009999275,-2000,0,1.883795,0,1268.335,5986.221,0,0
31,00:00:01.308,1.31,-9.176994,10.03899,0.0009999275,-2000,0,1.883795,0,1285.461,5977.169,0,0
31,00:00:01.310,1.3116,-9.076996,9.938995,0.0009999275,-2000,0,1.810404,0,1305.499,6014.236,0,0
31,00:00:01.312,1.3132,-8.976997,9.838997,0.0009999275,-2000,0,1.737013,0,1312.489,6043.557,0,0
31,00:00:01.313,1.3148,-8.976997,9.838997,0.0009999275,-2000,0,1.737013,0,1318.78,6015.072,0,0
31,00:00:01.315,1.3164,-8.976997,9.838997,0.0009999275,-2000,0,1.737013,0,1327.284,5965.823,0,0
31,00:00:01.316,1.318,-8.876995,9.738998,0.0009999275,-2000,0,1.589113,0,1326.585,5988.809,0,0
31,00:00:01.318,1.3196,-8.776993,9.639,0.0009999275,-2000,0,1.441214,0,1340.565,6055.199,0,0
31,00:00:01.320,1.3212,-8.776993,9.639,0.0009999275,-2000,0,1.441214,0,1321.809,6004.081,0,0
31,00:00:01.321,1.3228,-8.776993,9.639,0.0009999275,-2000,0,1.441214,0,1295.364,5956.14,0,0
31,00:00:01.323,1.3244,-8.576996,9.438995,0.0009999275,-2000,0,1.284411,0,1286.043,5950.711,0,0
31,00:00:01.324,1.326,-8.576996,9.438995,0.0009999275,-2000,0,1.284411,0,1264.957,6015.782,0,0
31,00:00:01.326,1.3276,-8.576996,9.438995,0.0009999275,-2000,0,1.284411,0,1257.734,5990.56,0,0
31,00:00:01.328,1.3292,-8.576996,9.438995,0.0009999275,-2000,0,1.284411,0,1235.016,5989.733,0,0
31,00:00:01.329,1.3308,-8.376991,9.238998,0.0009999275,-2000,0,1.224656,0,1228.376,6000.205,0,0
32,00:00:01.331,1.3324,-8.376991,9.238998,0.0009999275,-2000,0,1.224656,0,1237.463,5981.72,0,0
32,00:00:01.332,1.334,-8.376991,9.238998,0.0009999275,-2000,0,1.224656,0,1252.025,6003.833,0,0
32,00:00:01.334,1.3356,-8.276993,9.138996,0.0009999275,-2000,0,1.329443,0,1270.316,6017.392,0,0
32,00:00:01.336,1.3372,-8.176994,9.038994,0.0009999275,-2000,0,1.434229,0,1266.239,6039.938,0,0
32,00:00:01.337,1.3388,-8.176994,9.038994,0.0009999275,-2000,0,1.434229,0,1299.091,6048.028,0,0
32,00:00:01.339,1.3404,-8.176994,9.038994,0.0009999275,-2000,0,1.434229,0,1319.595,6030.355,0,0
32,00:00:01.340,1.342,-8.076996,8.938995,0.0009999275,-2000,0,1.560057,0,1324.954,6090.804,0,0
32,00:00:01.342,1.3436,-7.976997,8.838997,0.0009999275,-2000,0,1.685884,0,1309.81,6057.787,0,0
32,00:00:01.344,1.3452,-7.976997,8.838997,0.0009999275,-2000,0,1.685884,0,1319.129,6069.473,0,0
32,00:00:01.345,1.3468,-7.976997,8.838997,0.0009999275,-2000,0,1.685884,0,1315.751,6070.809,0,0
32,00:00:01.347,1.3484,-7.776993,8.639,0.0009999275,-2000,0,1.693475,0,1291.053,6088.432,0,0
32,00:00:01.348,1.35,-7.776993,8.639,0.0009999275,-2000,0,1.693475,0,1266.938,6083.922,0,0
32,00:00:01.350,1.3516,-7.776993,8.639,0.0009999275,-2000,0,1.693475,0,1264.258,6087.136,0,0
32,00:00:01.352,1.3532,-7.776993,8.639,0.0009999275,-2000,0,1.693475,0,1242.706,6117.441,0,0
32,00:00:01.353,1.3548,-7.576996,8.438995,0.0009999275,-2000,0,1.668182,0,1228.376,6118.905,0,0
32,00:00:01.355,1.3564,-7.576996,8.438995,0.0009999275,-2000,0,1.668182,0,1231.172,6049.407,0,0
32,00:00:01.356,1.358,-7.576996,8.438995,0.0009999275,-2000,0,1.668182,0,1228.492,6058.017,0,0
32,00:00:01.358,1.3596,-7.476994,8.338997,0.0009999275,-2000,0,1.60317,0,1241.657,6095.977,0,0
32,00:00:01.360,1.3612,-7.376991,8.238998,0.0009999275,-2000,0,1.538157,0,1257.384,6126.235,0,0
32,00:00:01.361,1.3628,-7.376991,8.238998,0.0009999275,-2000,0,1.538157,0,1279.869,6057.538,0,0
32,00:00:01.363,1.3644,-7.376991,8.238998,0.0009999275,-2000,0,1.538157,0,1300.722,6067.448,0,0
32,00:00:01.364,1.366,-7.276993,8.138996,0.0009999275,-2000,0,1.606399,0,1284.762,6132.886,0,0
32,00:00:01.366,1.3676,-7.176994,8.038994,0.0009999275,-2000,0,1.674641,0,1308.877,6136.455,0,0
32,00:00:01.368,1.3692,-7.176994,8.038994,0.0009999275,-2000,0,1.674641,0,1316.799,6111.133,0,0
32,00:00:01.369,1.3708,-7.176994,8.038994,0.0009999275,-2000,0,1.674641,0,1305.848,6135.054,0,0
32,00:00:01.371,1.3724,-6.976997,7.838997,0.0009999275,-2000,0,1.803704,0,1285.694,6176.624,0,0
33,00:00:01.372,1.374,-6.976997,7.838997,0.0009999275,-2000,0,1.803704,0,1276.025,6201.442,0,0
33,00:00:01.374,1.3756,-6.976997,7.838997,0.0009999275,-2000,0,1.803704,0,1274.51,6229.943,0,0
33,00:00:01.376,1.3772,-6.976997,7.838997,0.0009999275,-2000,0,1.803704,0,1261.812,6306.344,0,0
33,00:00:01.377,1.3788,-6.776993,7.639,0.0009999275,-2000,0,1.597602,0,1249.812,6325.806,0,0
33,00:00:01.379,1.3804,-6.776993,7.639,0.0009999275,-2000,0,1.597602,0,1268.452,6320.911,0,0
33,00:00:01.380,1.382,-6.776993,7.639,0.0009999275,-2000,0,1.597602,0,1261.112,6380.079,0,0
33,00:00:01.382,1.3836,-6.676994,7.538998,0.0009999275,-2000,0,1.535429,0,1261.928,6410.835,0,0
33,00:00:01.384,1.3852,-6.576996,7.438995,0.0009999275,-2000,0,1.473256,0,1274.393,6363.372,0,0
33,00:00:01.385,1.3868,-6.576996,7.438995,0.0009999275,-2000,0,1.473256,0,1300.49,6330.396,0,0
33,00:00:01.387,1.3884,-6.576996,7.438995,0.0009999275,-2000,0,1.473256,0,1307.946,6328.577,0,0
33,00:00:01.388,1.39,-6.476994,7.338997,0.0009999275,-2000,0,1.686409,0,1306.547,6365.108,0,0
33,00:00:01.390,1.3916,-6.376991,7.238998,0.0009999275,-2000,0,1.899562,0,1327.517,6317.654,0,0
33,00:00:01.392,1.3932,-6.376991,7.238998,0.0009999275,-2000,0,1.899562,0,1331.012,6270.635,0,0
33,00:00:01.393,1.3948,-6.376991,7.238998,0.0009999275,-2000,0,1.899562,0,1322.042,6323.032,0,0
33,00:00:01.395,1.3964,-6.176994,7.038994,0.0009999275,-2000,0,2.676985,0,1307.246,6339.712,0,0
33,00:00:01.396,1.398,-6.176994,7.038994,0.0009999275,-2000,0,2.676985,0,1287.208,6353.677,0,0
33,00:00:01.398,1.3996,-6.176994,7.038994,0.0009999275,-2000,0,2.676985,0,1281.966,6347.863,0,0
33,00:00:01.400,1.4012,-6.176994,7.038994,0.0009999275,-2000,0,2.676985,0,1258.433,6386.309,0,0
33,00:00:01.401,1.4028,-5.976997,6.838997,0.0009999275,-2000,0,3.273355,0,1249.229,6393.111,0,0
33,00:00:01.403,1.4044,-5.976997,6.838997,0.0009999275,-2000,0,3.273355,0,1236.997,6355.198,0,0
33,00:00:01.404,1.406,-5.976997,6.838997,0.0009999275,-2000,0,3.273355,0,1217.774,6364.721,0,0
33,00:00:01.406,1.4076,-5.876995,6.738998,0.0009999275,-2000,0,3.580268,0,1226.628,6370.638,0,0
33,00:00:01.408,1.4092,-5.776993,6.639,0.0009999275,-2000,0,3.887181,0,1242.822,6361.141,0,0
33,00:00:01.409,1.4108,-5.776993,6.639,0.0009999275,-2000,0,3.887181,0,1268.103,6362.927,0,0
33,00:00:01.411,1.4124,-5.776993,6.639,0.0009999275,-2000,0,3.887181,0,1267.287,6390.931,0,0
33,00:00:01.412,1.414,-5.676994,6.538998,0.0009999275,-2000,0,4.290438,0,1284.878,6427.507,0,0
34,00:00:01.414,1.4156,-5.576996,6.438995,0.0009999275,-2000,0,4.693695,0,1307.713,6366.986,0,0
34,00:00:01.416,1.4172,-5.576996,6.438995,0.0009999275,-2000,0,4.693695,0,1316.566,6392.723,0,0
34,00:00:01.417,1.4188,-5.576996,6.438995,0.0009999275,-2000,0,4.693695,0,1304.101,6408.065,0,0
34,00:00:01.419,1.4204,-5.376991,6.238998,0.0009999275,-2000,0,5.559062,0,1306.082,6438.76,0,0
34,00:00:01.420,1.422,-5.376991,6.238998,0.0009999275,-2000,0,5.559062,0,1304.567,6429.247,0,0
34,00:00:01.422,1.4236,-5.376991,6.238998,0.0009999275,-2000,0,5.559062,0,1284.995,6448.685,0,0
34,00:00:01.424,1.4252,-5.376991,6.238998,0.0009999275,-2000,0,5.559062,0,1260.763,6493.415,0,0
34,00:00:01.425,1.4268,-5.176994,6.038994,0.0009999275,-2000,0,5.573172,0,1240.375,6478.523,0,0
34,00:00:01.427,1.4284,-5.176994,6.038994,0.0009999275,-2000,0,5.573172,0,1240.375,6459.148,0,0
34,00:00:01.428,1.43,-5.176994,6.038994,0.0009999275,-2000,0,5.573172,0,1223.949,6475.021,0,0
34,00:00:01.430,1.4316,-5.076996,5.938995,0.0009999275,-2000,0,5.238177,0,1215.561,6448.435,0,0
34,00:00:01.432,1.4332,-4.976997,5.838997,0.0009999275,-2000,0,4.903183,0,1221.502,6428.55,0,0
34,00:00:01.433,1.4348,-4.976997,5.838997,0.0009999275,-2000,0,4.903183,0,1225.813,6453.362,0,0
34,00:00:01.435,1.4364,-4.976997,5.838997,0.0009999275,-2000,0,4.903183,0,1253.89,6474.15,0,0
34,00:00:01.436,1.438,-4.876995,5.738998,0.0009999275,-2000,0,4.604391,0,1261.345,6439.324,0,0
34,00:00:01.438,1.4396,-4.776993,5.639,0.0009999275,-2000,0,4.305599,0,1291.402,6416.737,0,0
34,00:00:01.440,1.4412,-4.776993,5.639,0.0009999275,-2000,0,4.305599,0,1281.849,6437.927,0,0
34,00:00:01.441,1.4428,-4.776993,5.639,0.0009999275,-2000,0,4.305599,0,1286.393,6486.696,0,0
34,00:00:01.443,1.4444,-4.576996,5.438995,0.0009999275,-2000,0,4.359807,0,1292.684,6436.139,0,0
34,00:00:01.444,1.446,-4.576996,5.438995,0.0009999275,-2000,0,4.359807,0,1287.325,6436.12,0,0
34,00:00:01.446,1.4476,-4.576996,5.438995,0.0009999275,-2000,0,4.359807,0,1273.694,6510.214,0,0
34,00:00:01.448,1.4492,-4.576996,5.438995,0.0009999275,-2000,0,4.359807,0,1244.336,6556.242,0,0
34,00:00:01.449,1.4508,-4.376991,5.238998,0.0009999275,-2000,0,4.402926,0,1235.599,6524.181,0,0
34,00:00:01.451,1.4524,-4.376991,5.238998,0.0009999275,-2000,0,4.402926,0,1230.706,6511.59,0,0
34,00:00:01.452,1.454,-4.376991,5.238998,0.0009999275,-2000,0,4.402926,0,1208.92,6562.672,0,0
34,00:00:01.454,1.4556,-4.276993,5.138996,0.0009999275,-2000,0,4.324326,0,1207.639,6561.839,0,0
35,00:00:01.456,1.4572,-4.176994,5.038994,0.0009999275,-2000,0,4.245725,0,1205.891,6546.917,0,0
35,00:00:01.457,1.4588,-4.176994,5.038994,0.0009999275,-2000,0,4.245725,0,1218.473,6549.191,0,0
35,00:00:01.459,1.4604,-4.176994,5.038994,0.0009999275,-2000,0,4.245725,0,1230.706,6575.393,0,0
35,00:00:01.460,1.462,-4.076996,4.938995,0.0009999275,-2000,0,4.121902,140.8799,1249.229,6569.933,0,0
35,00:00:01.462,1.4636,-3.976997,4.838997,0.0009999275,-2000,0,3.99808,265.0249,1268.802,6542.792,0,0
35,00:00:01.464,1.4652,-3.976997,4.838997,0.0009999275,-2000,0,3.99808,305.1812,1272.879,6582.948,0,0
35,00:00:01.465,1.4668,-3.976997,4.838997,0.0009999275,-2000,0,3.99808,319.6494,1275.675,6597.417,0,0
35,00:00:01.467,1.4684,-3.776993,4.639,0.0009999275,-2000,0,4.123223,194.4011,1297.81,6551.821,0,0
35,00:00:01.468,1.47,-3.776993,4.639,0.0009999275,-2000,0,4.123223,224.22,1292.917,6581.641,0,0
35,00:00:01.470,1.4716,-3.776993,4.639,0.0009999275,-2000,0,4.123223,275.7275,1276.724,6633.148,0,0
35,00:00:01.472,1.4732,-3.776993,4.639,0.0009999275,-2000,0,4.123223,312.2773,1245.152,6669.698,0,0
35,00:00:01.473,1.4748,-3.576996,4.438995,0.0009999275,-2000,0,4.416204,189.2786,1243.521,6626.35,0,0
35,00:00:01.475,1.4764,-3.576996,4.438995,0.0009999275,-2000,0,4.416204,182.9956,1236.647,6620.067,0,0
35,00:00:01.476,1.478,-3.576996,4.438995,0.0009999275,-2000,0,4.416204,253.0249,1205.658,6690.096,0,0
35,00:00:01.478,1.4796,-3.476994,4.338997,0.0009999275,-2000,0,4.577663,183.8774,1193.776,6660.775,0,0
35,00:00:01.480,1.4812,-3.376991,4.238998,0.0009999275,-2000,0,4.739122,114.2759,1192.61,6631,0,0
35,00:00:01.481,1.4828,-3.376991,4.238998,0.0009999275,-2000,0,4.739122,129.2144,1198.785,6645.939,0,0
35,00:00:01.483,1.4844,-3.376991,4.238998,0.0009999275,-2000,0,4.739122,130.1279,1204.494,6646.853,0,0
35,00:00:01.484,1.486,-3.276993,4.138996,0.0009999275,-2000,0,4.870789,94.75488,1225.23,6651.305,0,0
35,00:00:01.486,1.4876,-3.176994,4.038994,0.0009999275,-2000,0,5.002454,41.32788,1241.541,6637.703,0,0
35,00:00:01.488,1.4892,-3.176994,4.038994,0.0009999275,-2000,0,5.002454,103.1755,1254.006,6699.551,0,0
35,00:00:01.489,1.4908,-3.176994,4.038994,0.0009999275,-2000,0,5.002454,86.89844,1262.743,6683.273,0,0
35,00:00:01.491,1.4924,-2.976997,3.838997,0.0009999275,-2000,0,5.090744,-5.844482,1286.626,6670.182,0,0
35,00:00:01.492,1.494,-2.976997,3.838997,0.0009999275,-2000,0,5.090744,13.57642,1279.752,6689.603,0,0
35,00:00:01.494,1.4956,-2.976997,3.838997,0.0009999275,-2000,0,5.090744,79.54785,1270.199,6755.574,0,0
35,00:00:01.496,1.4972,-2.976997,3.838997,0.0009999275,-2000,0,5.090744,88.57178,1257.617,6764.598,0,0
36,00:00:01.497,1.4988,-2.776993,3.639,0.0009999275,-2000,0,4.972576,-35.3689,1249.229,6720.311,0,0
36,00:00:01.499,1.5004,-2.776993,3.639,0.0009999275,-2000,0,4.972576,8.01416,1228.143,6763.693,0,0
36,00:00:01.500,1.502,-2.776993,3.639,0.0009999275,-2000,0,4.972576,67.17578,1197.969,6822.855,0,0
36,00:00:01.502,1.5036,-2.676994,3.538998,0.0009999275,-2000,0,4.954326,-30.43848,1190.164,6765.066,0,0
36,00:00:01.504,1.5052,-2.576996,3.438996,0.0009999275,-2000,0,4.936075,-68.37402,1196.455,6766.956,0,0
36,00:00:01.505,1.5068,-2.576996,3.438996,0.0009999275,-2000,0,4.936075,-44.37402,1181.31,6790.956,0,0
36,00:00:01.507,1.5084,-2.576996,3.438996,0.0009999275,-2000,0,4.936075,-63.32568,1176.184,6772.004,0,0
36,00:00:01.508,1.51,-2.476994,3.338997,0.0009999275,-2000,0,5.335126,-139.366,1186.669,6735.791,0,0
36,00:00:01.510,1.5116,-2.376991,3.238999,0.0009999275,-2000,0,5.734177,-147.1084,1219.988,6767.875,0,0
36,00:00:01.512,1.5132,-2.376991,3.238999,0.0009999275,-2000,0,5.734177,-123.2109,1230.473,6791.772,0,0
36,00:00:01.513,1.5148,-2.376991,3.238999,0.0009999275,-2000,0,5.734177,-129.114,1240.375,6785.869,0,0
36,00:00:01.515,1.5164,-2.176994,3.038994,0.0009999275,-2000,0,6.698498,-247.6401,1249.579,6746.994,0,0
36,00:00:01.516,1.518,-2.176994,3.038994,0.0009999275,-2000,0,6.698498,-178.0996,1246.667,6816.534,0,0
36,00:00:01.518,1.5196,-2.176994,3.038994,0.0009999275,-2000,0,6.698498,-171.7097,1252.491,6822.924,0,0
36,00:00:01.520,1.5212,-2.176994,3.038994,0.0009999275,-2000,0,6.698498,-177.5898,1254.239,6817.044,0,0
36,00:00:01.521,1.5228,-1.976997,2.838997,0.0009999275,-2000,0,7.102314,-228.3584,1236.764,6845.926,0,0
36,00:00:01.523,1.5244,-1.976997,2.838997,0.0009999275,-2000,0,7.102314,-182.7678,1203.095,6891.517,0,0
36,00:00:01.524,1.526,-1.976997,2.838997,0.0009999275,-2000,0,7.102314,-155.2183,1177,6919.066,0,0
36,00:00:01.526,1.5276,-1.876995,2.738999,0.0009999275,-2000,0,7.019186,-224.7927,1189.698,6889.318,0,0
36,00:00:01.528,1.5292,-1.776993,2.639,0.0009999275,-2000,0,6.936059,-280.377,1162.553,6873.561,0,0
36,00:00:01.529,1.5308,-1.776993,2.639,0.0009999275,-2000,0,6.936059,-245.9724,1140.069,6907.966,0,0
36,00:00:01.531,1.5324,-1.776993,2.639,0.0009999275,-2000,0,6.936059,-254.0935,1136.574,6899.845,0,0
36,00:00:01.532,1.534,-1.676994,2.538998,0.0009999275,-2000,0,7.449153,-302.5176,1149.739,6891.246,0,0
36,00:00:01.534,1.5356,-1.576996,2.438996,0.0009999275,-2000,0,7.962247,-372.156,1164.184,6861.433,0,0
36,00:00:01.536,1.5372,-1.576996,2.438996,0.0009999275,-2000,0,7.962247,-317.0801,1173.621,6916.509,0,0
36,00:00:01.537,1.5388,-1.576996,2.438996,0.0009999275,-2000,0,7.962247,-325.2922,1186.785,6908.297,0,0
37,00:00:01.539,1.5404,-1.376991,2.238999,0.0009999275,-2000,0,8.391222,-392.7927,1200.999,6920.449,0,0
37,00:00:01.540,1.542,-1.376991,2.238999,0.0009999275,-2000,0,8.391222,-346.2673,1200.183,6966.975,0,0
37,00:00:01.542,1.5436,-1.376991,2.238999,0.0009999275,-2000,0,8.391222,-355.6912,1215.211,6957.551,0,0
37,00:00:01.544,1.5452,-1.376991,2.238999,0.0009999275,-2000,0,8.391222,-390.0217,1213.348,6923.221,0,0
37,00:00:01.545,1.5468,-1.177994,2.038994,0.0009999275,-2000,0,8.53207,-425.9507,1183.291,6966.544,0,0
37,00:00:01.547,1.5484,-1.177994,2.038994,0.0009999275,-2000,0,8.53207,-365.0127,1141.816,7027.482,0,0
37,00:00:01.548,1.55,-1.177994,2.038994,0.0009999275,-2000,0,8.53207,-410.1851,1134.244,6982.31,0,0
37,00:00:01.550,1.5516,-1.081493,1.939495,0.0009999275,-1987.4,0,8.735471,-471.1653,1119.448,6959.762,0,0
37,00:00:01.552,1.5532,-0.984993,1.839997,0.0009999275,-1974.8,0,8.938871,-475.2249,1083.1,6994.134,0,0
37,00:00:01.553,1.5548,-0.984993,1.839997,0.0009999275,-1974.8,0,8.938871,-529.8601,1048.616,6939.499,0,0
37,00:00:01.555,1.5564,-0.984993,1.839997,0.0009999275,-1974.8,0,8.938871,-488.2454,1025.782,6981.113,0,0
37,00:00:01.556,1.558,-0.8934937,1.743496,0.0009999275,-1931.6,0,10.38476,-554.4492,1030.443,6951.35,0,0
37,00:00:01.558,1.5596,-0.8019943,1.646996,0.0009999275,-1888.4,0,11.83066,-606.2407,1030.559,6935.999,0,0
37,00:00:01.560,1.5612,-0.8019943,1.646996,0.0009999275,-1888.4,0,11.83066,-598.6401,1029.86,6943.6,0,0
37,00:00:01.561,1.5628,-0.8019943,1.646996,0.0009999275,-1888.4,0,11.83066,-563.4805,1024.385,6978.759,0,0
37,00:00:01.563,1.5644,-0.6289978,1.463997,0.0009999275,-1780.4,0,14.48821,-626.0933,1046.403,6985.044,0,0
37,00:00:01.564,1.566,-0.6289978,1.463997,0.0009999275,-1780.4,0,14.48821,-551.9741,1069.237,7059.163,0,0
37,00:00:01.566,1.5676,-0.6289978,1.463997,0.0009999275,-1780.4,0,14.48821,-486.4348,1100.226,7124.702,0,0
37,00:00:01.568,1.5692,-0.6289978,1.463997,0.0009999275,-1780.4,0,14.48821,-388.8857,1092.188,7222.251,0,0
37,00:00:01.569,1.5708,-0.4679947,1.291001,0.0009999275,-1672.4,0,14.97196,-297.1924,1094.401,7378.066,0,0
37,00:00:01.571,1.5724,-0.4679947,1.291001,0.0009999275,-1672.4,0,14.97196,-134.1309,1125.273,7541.127,0,0
37,00:00:01.572,1.574,-0.4679947,1.291001,0.0009999275,-1672.4,0,14.97196,75.48755,1141.7,7750.746,0,0
37,00:00:01.574,1.5756,-0.3924942,1.210499,0.0009999275,-1618.4,0,15.11947,245.968,1163.136,7951.295,0,0
37,00:00:01.576,1.5772,-0.3169937,1.129997,0.0009999275,-1564.4,0,15.26698,379.4294,1167.097,8114.825,0,0
37,00:00:01.577,1.5788,-0.3169937,1.129997,0.0009999275,-1564.4,0,15.26698,590.4204,1185.97,8325.816,0,0
37,00:00:01.579,1.5804,-0.3169937,1.129997,0.0009999275,-1564.4,0,15.26698,771.6865,1223.599,8507.082,0,0
38,00:00:01.580,1.582,-0.246994,1.054497,0.0009999275,-1510.4,0,16.07814,315.4455,1268.685,8712.712,0,0
38,00:00:01.582,1.5836,-0.1769943,0.9789965,0.0009999275,-1456.4,0,16.88929,-187.4184,1319.479,8923.212,0,0
38,00:00:01.584,1.5852,-0.1769943,0.9789965,0.0009999275,-1456.4,0,16.88929,34.09314,1352.215,9177.46,0,0
38,00:00:01.585,1.5868,-0.1769943,0.9789965,0.0009999275,-1456.4,0,16.88929,194.2808,1410.582,9396.014,0,0
38,00:00:01.587,1.5884,-0.1124954,0.8389971,0.0009999275,-1348.4,0,19.3436,345.5255,1501.568,9663.933,0,0
38,00:00:01.588,1.59,-0.04799652,0.8389971,0.0009999275,-1348.4,0,19.3436,473.4012,1588.361,9904.288,0,0
38,00:00:01.590,1.5916,-0.04799652,0.8389971,0.0009999275,-1348.4,0,19.3436,718.2203,1640.786,10201.53,0,0
38,00:00:01.592,1.5932,-0.04799652,0.8389971,0.0009999275,-1348.4,0,19.3436,988.1797,1678.416,10509.12,0,0
38,00:00:01.593,1.5948,0.07000732,0.7099993,0.0009999275,-1240.4,0,21.90465,1175,1724.666,10789.19,0,0
38,00:00:01.595,1.5964,0.07000732,0.7099993,0.0009999275,-1240.4,0,21.90465,1323.554,1807.497,11020.57,0,0
38,00:00:01.596,1.598,0.07000732,0.7099993,0.0009999275,-1240.4,0,21.90465,1529.252,1850.719,11269.49,0,0
38,00:00:01.598,1.5996,0.1240082,0.6509974,0.0009999275,-1186.4,0,23.29639,1752.574,1876,11539.6,0,0
38,00:00:01.600,1.6012,0.178009,0.5919955,0.0009999275,-1132.4,0,24.68814,2021.628,1869.01,11823.17,0,0
38,00:00:01.601,1.6028,0.178009,0.5919955,0.0009999275,-1132.4,0,24.68814,2190.385,1909.901,12032.82,0,0
38,00:00:01.603,1.6044,0.178009,0.5919955,0.0009999275,-1132.4,0,24.68814,2283.01,1975.49,12191.04,0,0
38,00:00:01.604,1.606,0.2260056,0.5379946,0.0009999275,-1078.4,0,25.97198,2385.541,2022.906,12360.1,0,0
38,00:00:01.606,1.6076,0.2740021,0.4839938,0.0009999275,-1024.4,0,27.25583,2516.385,2049.584,12536.73,0,0
38,00:00:01.608,1.6092,0.2740021,0.4839938,0.0009999275,-1024.4,0,27.25583,2738.872,2060.536,12770.17,0,0
38,00:00:01.609,1.6108,0.2740021,0.4839938,0.0009999275,-1024.4,0,27.25583,2863.682,2111.446,12945.89,0,0
38,00:00:01.611,1.6124,0.3600082,0.3880007,0.0009999275,-916.4001,0,29.9311,2873.307,2199.986,13078.31,0,0
38,00:00:01.612,1.614,0.3600082,0.3880007,0.0009999275,-916.4001,0,29.9311,2967.553,2277.924,13250.5,0,0
38,00:00:01.614,1.6156,0.3600082,0.3880007,0.0009999275,-916.4001,0,29.9311,3160.048,2309.845,13474.91,0,0
38,00:00:01.616,1.6172,0.3600082,0.3880007,0.0009999275,-916.4001,0,29.9311,3370.823,2339.32,13715.16,0,0
38,00:00:01.617,1.6188,0.4350052,0.3019946,0.0009999275,-808.4001,0,29.76708,3444.198,2406.424,13885.51,0,0
38,00:00:01.619,1.6204,0.4350052,0.3019946,0.0009999275,-808.4001,0,29.76708,3499.68,2491.12,14025.69,0,0
38,00:00:01.620,1.622,0.4350052,0.3019946,0.0009999275,-808.4001,0,29.76708,3628.269,2533.758,14196.91,0,0
39,00:00:01.622,1.6236,0.4675064,0.2644961,0.0009999275,-754.4001,0,29.26291,3797.662,2535.156,14380.65,0,0
39,00:00:01.624,1.6252,0.5000076,0.2269976,0.0009999275,-700.4001,0,28.75873,3950.685,2559.272,14570.73,0,0
39,00:00:01.625,1.6268,0.5000076,0.2269976,0.0009999275,-700.4001,0,28.75873,3989.341,2604.241,14654.36,0,0
39,00:00:01.627,1.6284,0.5000076,0.2269976,0.0009999275,-700.4001,0,28.75873,4032.067,2653.753,14746.59,0,0
39,00:00:01.628,1.63,0.5265083,0.1944964,0.0009999275,-646.4,0,28.17645,4116.083,2666.685,14854.1,0,0
39,00:00:01.630,1.6316,0.553009,0.1619952,0.0009999275,-592.4,0,27.59416,4206.122,2679.85,14967.85,0,0
39,00:00:01.632,1.6332,0.553009,0.1619952,0.0009999275,-592.4,0,27.59416,4200.51,2739.73,15022.12,0,0
39,00:00:01.633,1.6348,0.553009,0.1619952,0.0009999275,-592.4,0,27.59416,4138.347,2837.241,15057.47,0,0
39,00:00:01.635,1.6364,0.5960083,0.1089938,0.0009999275,-484.4,0,26.84524,4078.835,2924.849,15102.69,0,0
39,00:00:01.636,1.638,0.5960083,0.1089938,0.0009999275,-484.4,0,26.84524,4121.654,2972.264,15192.93,0,0
39,00:00:01.638,1.6396,0.5960083,0.1089938,0.0009999275,-484.4,0,26.84524,4177.75,3019.098,15295.85,0,0
39,00:00:01.640,1.6412,0.5960083,0.1089938,0.0009999275,-484.4,0,26.84524,4129.225,3107.405,15335.64,0,0
39,00:00:01.641,1.6428,0.628006,0.0659945,0.0009999275,-376.3999,0,25.38806,4098.989,3172.411,15383.15,0,0
39,00:00:01.643,1.6444,0.628006,0.0659945,0.0009999275,-376.3999,0,25.38806,4156.779,3205.847,15474.38,0,0
39,00:00:01.644,1.646,0.628006,0.0659945,0.0009999275,-376.3999,0,25.38806,4239.521,3208.876,15560.15,0,0
39,00:00:01.646,1.6476,0.638504,0.04999566,0.0009999275,-322.4,0,24.49824,4222.48,3259.67,15598.08,0,0
39,00:00:01.648,1.6492,0.6490021,0.03399682,0.0009999275,-268.4,0,23.60843,4184.915,3311.163,15616.19,0,0
39,00:00:01.649,1.6508,0.6490021,0.03399682,0.0009999275,-268.4,0,23.60843,4185.736,3317.104,15622.95,0,0
39,00:00:01.651,1.6524,0.6490021,0.03399682,0.0009999275,-268.4,0,23.60843,4244.179,3312.794,15677.08,0,0
39,00:00:01.652,1.654,0.6540031,0.02349877,0.0009999275,-214.4001,0,23.15142,4267.206,3298.581,15687.89,0,0
39,00:00:01.654,1.6556,0.6590042,0.01300073,0.0009999275,-160.4002,0,22.69441,4219.851,3320.949,15664.89,0,0
39,00:00:01.656,1.6572,0.6590042,0.01300073,0.0009999275,-160.4002,0,22.69441,4125.941,3353.569,15603.61,0,0
39,00:00:01.657,1.6588,0.6590042,0.01300073,0.0009999275,-160.4002,0,22.69441,4092.151,3366.151,15582.4,0,0
39,00:00:01.659,1.6604,0.6610031,0.00299859,0.0009999275,-57.75379,0,23.26075,4102.202,3357.064,15584.16,0,0
39,00:00:01.660,1.662,0.6610031,0.00299859,0.0009999275,-57.75379,0,23.26075,4088.868,3362.19,15575.95,0,0
39,00:00:01.662,1.6636,0.6610031,0.00299859,0.0009999275,-57.75379,0,23.26075,3997.531,3418.809,15541.23,0,0
40,00:00:01.664,1.6652,0.6610031,0.00299859,0.0009999275,-57.75379,0,23.26075,3944.322,3460.283,15529.5,0,0
40,00:00:01.665,1.6668,0.6610031,0.0009996891,0.0009999275,-4.676968,0,23.01738,3959.248,3469.719,15553.86,0,0
40,00:00:01.667,1.6684,0.6610031,0.0009996891,0.0009999275,-4.676968,0,23.01738,4025.504,3460.749,15611.14,0,0
40,00:00:01.668,1.67,0.6610031,0.0009996891,0.0009999275,-4.676968,0,23.01738,4020.857,3469.021,15614.77,0,0
40,00:00:01.670,1.6716,0.6615028,0.0009996891,0.0009999275,-2.338484,0,22.63556,3984.188,3497.447,15606.73,0,0
40,00:00:01.672,1.6732,0.6620026,0.0009996891,0.0009999275,0,0,22.25374,4028.598,3486.262,15640.15,0,0
40,00:00:01.673,1.6748,0.6620026,0.0009996891,0.0009999275,0,0,22.25374,4126.118,3440.594,15692,0,0
40,00:00:01.675,1.6764,0.6620026,0.0009996891,0.0009999275,0,0,22.25374,4230.292,3373.374,15728.96,0,0
40,00:00:01.676,1.678,0.6630058,0.0004999638,0.0009999275,-4.266453,8.400022,22.53469,4272.397,3318.27,15716.36,0,0
40,00:00:01.678,1.6796,0.6640091,2.384186E-07,0.0009999275,-8.532906,16.80004,22.81565,4262.211,3287.513,15675.81,0,0
40,00:00:01.680,1.6812,0.6640091,2.384186E-07,0.0009999275,-8.532906,16.80004,22.81565,4272.676,3243.709,15642.47,0,0
40,00:00:01.681,1.6828,0.6640091,2.384186E-07,0.0009999275,-8.532906,16.80004,22.81565,4330.32,3181.964,15638.37,0,0
40,00:00:01.683,1.6844,0.6700058,-0.002006292,0.00399971,-37.78897,74.39995,25.25598,4409.547,3095.754,15633.78,0,0
40,00:00:01.684,1.686,0.6700058,-0.002006292,0.00399971,-37.78897,74.39995,25.25598,4420.135,3049.504,15598.12,0,0
40,00:00:01.686,1.6876,0.6700058,-0.002006292,0.00399971,-37.78897,74.39995,25.25598,4420.477,3011.292,15560.25,0,0
40,00:00:01.688,1.6892,0.6700058,-0.002006292,0.00399971,-37.78897,74.39995,25.25598,4495.527,2940.343,15564.35,0,0
40,00:00:01.689,1.6908,0.6790085,-0.008002996,0.01599979,-74.35894,146.4001,27.85598,4655.866,2831.882,15619.81,0,0
40,00:00:01.691,1.6924,0.6790085,-0.008002996,0.01599979,-74.35894,146.4001,27.85598,4809.893,2744.624,15686.58,0,0
40,00:00:01.692,1.694,0.6790085,-0.008002996,0.01599979,-74.35894,146.4001,27.85598,4883.28,2698.373,15713.71,0,0
40,00:00:01.694,1.6956,0.6855087,-0.01250434,0.02499986,-92.64392,182.4001,29.56783,4884.226,2693.13,15712.01,0,0
40,00:00:01.696,1.6972,0.692009,-0.01700568,0.03399992,-110.9289,218.4001,31.27967,4896.255,2717.829,15751.32,0,0
40,00:00:01.697,1.6988,0.692009,-0.01700568,0.03399992,-110.9289,218.4001,31.27967,4982.704,2708.042,15827.99,0,0
40,00:00:01.699,1.7004,0.692009,-0.01700568,0.03399992,-110.9289,218.4001,31.27967,5055.285,2671.927,15864.45,0,0
40,00:00:01.700,1.702,0.7005081,-0.02350593,0.04699993,-129.214,254.4,31.68697,4987.193,2714.101,15841.92,0,0
40,00:00:01.702,1.7036,0.7090073,-0.03000617,0.05999994,-147.4991,290.4,32.09428,4956.53,2705.829,15806.37,0,0
40,00:00:01.704,1.7052,0.7090073,-0.03000617,0.05999994,-147.4991,290.4,32.09428,5029.75,2642.569,15816.33,0,0
41,00:00:01.705,1.7068,0.7090073,-0.03000617,0.05999994,-147.4991,290.4,32.09428,5184.858,2534.341,15863.21,0,0
41,00:00:01.707,1.7084,0.7290039,-0.04700446,0.09299994,-184.0691,362.3999,33.05366,5219.632,2480.751,15852.36,0,0
41,00:00:01.708,1.71,0.7290039,-0.04700446,0.09299994,-184.0691,362.3999,33.05366,5138.499,2482.499,15772.97,0,0
41,00:00:01.710,1.7116,0.7290039,-0.04700446,0.09299994,-184.0691,362.3999,33.05366,5085.081,2508.478,15745.53,0,0
41,00:00:01.712,1.7132,0.7290039,-0.04700446,0.09299994,-184.0691,362.3999,33.05366,5136.439,2488.207,15776.62,0,0
41,00:00:01.713,1.7148,0.753006,-0.0670011,0.1329999,-220.6391,434.3999,32.04652,5193.687,2476.44,15831.66,0,0
41,00:00:01.715,1.7164,0.753006,-0.0670011,0.1329999,-220.6391,434.3999,32.04652,5181.509,2479.586,15822.63,0,0
41,00:00:01.716,1.718,0.753006,-0.0670011,0.1329999,-220.6391,434.3999,32.04652,5202.11,2459.082,15822.72,0,0
41,00:00:01.718,1.7196,0.7670059,-0.07900214,0.1564999,-238.9241,470.4,30.09113,5320.306,2395.356,15882.77,0,0
41,00:00:01.720,1.7212,0.7810059,-0.09100318,0.1799998,-257.209,506.4,28.13574,5441.761,2355.397,15969.84,0,0
41,00:00:01.721,1.7228,0.7810059,-0.09100318,0.1799998,-257.209,506.4,28.13574,5454.042,2370.192,15996.92,0,0
41,00:00:01.723,1.7244,0.7810059,-0.09100318,0.1799998,-257.209,506.4,28.13574,5339.54,2470.732,15982.96,0,0
41,00:00:01.724,1.726,0.7955055,-0.1050031,0.2069998,-271.2275,533.9999,25.3893,5287.313,2522.108,15987.88,0,0
41,00:00:01.726,1.7276,0.8100052,-0.1190031,0.2339997,-285.2459,561.5999,22.64285,5328.385,2520.827,16033.45,0,0
41,00:00:01.728,1.7292,0.8100052,-0.1190031,0.2339997,-285.2459,561.5999,22.64285,5325.332,2495.896,16005.46,0,0
41,00:00:01.729,1.7308,0.8100052,-0.1190031,0.2339997,-285.2459,561.5999,22.64285,5295.332,2480.401,15959.97,0,0
41,00:00:01.731,1.7324,0.8390045,-0.1480024,0.2909999,-292.56,576.0001,16.877,5318.062,2417.725,15931.57,0,0
41,00:00:01.732,1.734,0.8390045,-0.1480024,0.2909999,-292.56,576.0001,16.877,5355.753,2366.465,15918,0,0
41,00:00:01.734,1.7356,0.8390045,-0.1480024,0.2909999,-292.56,576.0001,16.877,5375.409,2342.698,15913.89,0,0
41,00:00:01.736,1.7372,0.8390045,-0.1480024,0.2909999,-292.56,576.0001,16.877,5319.861,2372.522,15888.17,0,0
41,00:00:01.737,1.7388,0.8680038,-0.1770017,0.349,-292.56,576.0001,13.03319,5294.943,2371.474,15873.75,0,0
41,00:00:01.739,1.7404,0.8680038,-0.1770017,0.349,-292.56,576.0001,13.03319,5393.628,2338.271,15939.23,0,0
41,00:00:01.740,1.742,0.8680038,-0.1770017,0.349,-292.56,576.0001,13.03319,5518.146,2271.983,15997.46,0,0
41,00:00:01.742,1.7436,0.8825035,-0.1915014,0.378,-292.56,576.0001,13.66177,5635.301,2223.519,16071.93,0,0
41,00:00:01.744,1.7452,0.8970032,-0.206001,0.4070001,-292.56,576,14.29035,5642.855,2224.684,16086.42,0,0
41,00:00:01.745,1.7468,0.8970032,-0.206001,0.4070001,-292.56,576,14.29035,5640.927,2254.158,16113.97,0,0
42,00:00:01.747,1.7484,0.8970032,-0.206001,0.4070001,-292.56,576,14.29035,5638.122,2289.924,16146.93,0,0
42,00:00:01.748,1.75,0.9120026,-0.2205007,0.4354999,-292.56,575.9999,16.44537,5639.32,2318.35,16182.52,0,0
42,00:00:01.750,1.7516,0.927002,-0.2350004,0.4639997,-292.56,575.9999,18.60039,5609.11,2353.882,16193.82,0,0
42,00:00:01.752,1.7532,0.927002,-0.2350004,0.4639997,-292.56,575.9999,18.60039,5526.641,2390.813,16148.28,0,0
42,00:00:01.753,1.7548,0.927002,-0.2350004,0.4639997,-292.56,575.9999,18.60039,5523.179,2360.523,16114.53,0,0
42,00:00:01.755,1.7564,0.9560089,-0.2649992,0.5219998,-292.5601,576.0001,21.74639,5578.002,2291.904,16112.29,0,0
42,00:00:01.756,1.758,0.9560089,-0.2649992,0.5219998,-292.5601,576.0001,21.74639,5686.628,2194.044,16123.05,0,0
42,00:00:01.758,1.7596,0.9560089,-0.2649992,0.5219998,-292.5601,576.0001,21.74639,5736.884,2125.659,16104.92,0,0
42,00:00:01.760,1.7612,0.9560089,-0.2649992,0.5219998,-292.5601,576.0001,21.74639,5689.604,2111.563,16043.55,0,0
42,00:00:01.761,1.7628,0.9850082,-0.2940061,0.579,-292.56,576,22.73083,5657.747,2108.883,16020.56,0,0
42,00:00:01.763,1.7644,0.9850082,-0.2940061,0.579,-292.56,576,22.73083,5730.903,2079.525,16064.36,0,0
42,00:00:01.764,1.766,0.9850082,-0.2940061,0.579,-292.56,576,22.73083,5850.129,2032.925,16136.98,0,0
42,00:00:01.766,1.7676,1.000008,-0.3085058,0.608,-292.56,576,23.5352,5918.16,1997.742,16175.8,0,0
42,00:00:01.768,1.7692,1.015007,-0.3230054,0.6370001,-292.56,576,24.33958,5930.702,1997.392,16193.97,0,0
42,00:00:01.769,1.7708,1.015007,-0.3230054,0.6370001,-292.56,576,24.33958,5916.795,2021.275,16203.95,0,0
42,00:00:01.771,1.7724,1.015007,-0.3230054,0.6370001,-292.56,576,24.33958,5970.022,2032.575,16268.47,0,0
42,00:00:01.772,1.774,1.029507,-0.3380048,0.6659999,-292.56,576,24.47662,6007.942,2051.099,16330.69,0,0
42,00:00:01.774,1.7756,1.044006,-0.3530042,0.6949997,-292.56,576,24.61366,5907.146,2127.174,16311.75,0,0
42,00:00:01.776,1.7772,1.044006,-0.3530042,0.6949997,-292.56,576,24.61366,5804.9,2198.821,16281.15,0,0
42,00:00:01.777,1.7788,1.044006,-0.3530042,0.6949997,-292.56,576,24.61366,5798.1,2209.306,16284.83,0,0
42,00:00:01.779,1.7804,1.073006,-0.3820035,0.7519999,-292.56,576,23.11217,5849.362,2165.852,16304.19,0,0
42,00:00:01.780,1.782,1.073006,-0.3820035,0.7519999,-292.56,576,23.11217,5909.107,2097.932,16296.01,0,0
42,00:00:01.782,1.7836,1.073006,-0.3820035,0.7519999,-292.56,576,23.11217,5911.573,2047.604,16248.15,0,0
42,00:00:01.784,1.7852,1.073006,-0.3820035,0.7519999,-292.56,576,23.11217,5959.759,1975.957,16224.69,0,0
42,00:00:01.785,1.7868,1.102005,-0.4110029,0.8099999,-292.56,576.0001,20.44414,5998.281,1925.861,16224.67,0,0
42,00:00:01.787,1.7884,1.102005,-0.4110029,0.8099999,-292.56,576.0001,20.44414,6067.271,1896.62,16264.42,0,0
43,00:00:01.788,1.79,1.102005,-0.4110029,0.8099999,-292.56,576.0001,20.44414,6084.762,1883.222,16268.51,0,0
43,00:00:01.790,1.7916,1.117004,-0.4255025,0.8385,-292.56,576.0001,19.27255,6110.074,1880.892,16297.46,0,0
43,00:00:01.792,1.7932,1.132004,-0.4400022,0.8670001,-292.56,576,18.10096,6169.229,1855.961,16337.66,0,0
43,00:00:01.793,1.7948,1.132004,-0.4400022,0.8670001,-292.56,576,18.10096,6248.628,1849.67,16410.77,0,0
43,00:00:01.795,1.7964,1.132004,-0.4400022,0.8670001,-292.56,576,18.10096,6286.173,1861.32,16459.96,0,0
43,00:00:01.796,1.798,1.146503,-0.4550016,0.8959999,-292.56,575.9999,17.64566,6231.608,1924.114,16473.97,0,0
43,00:00:01.798,1.7996,1.161003,-0.470001,0.9249997,-292.56,575.9999,17.19036,6174.839,1973.743,16472.6,0,0
43,00:00:01.800,1.8012,1.161003,-0.470001,0.9249997,-292.56,575.9999,17.19036,6143.516,2016.382,16483.92,0,0
43,00:00:01.801,1.8028,1.161003,-0.470001,0.9249997,-292.56,575.9999,17.19036,6136.603,2020.576,16481.2,0,0
43,00:00:01.803,1.8044,1.190002,-0.4990003,0.9829998,-292.56,575.9999,17.40009,6127.141,2012.188,16474.9,0,0
43,00:00:01.804,1.806,1.190002,-0.4990003,0.9829998,-292.56,575.9999,17.40009,6126.958,1975.84,16438.37,0,0
43,00:00:01.806,1.8076,1.190002,-0.4990003,0.9829998,-292.56,575.9999,17.40009,6189.118,1889.746,16414.43,0,0
43,00:00:01.808,1.8092,1.190002,-0.4990003,0.9829998,-292.56,575.9999,17.40009,6262.391,1797.012,16394.97,0,0
43,00:00:01.809,1.8108,1.219002,-0.5279996,1.04,-292.56,576.0001,18.48892,6350.378,1709.637,16407.13,0,0
43,00:00:01.811,1.8124,1.219002,-0.5279996,1.04,-292.56,576.0001,18.48892,6364.691,1686.803,16398.61,0,0
43,00:00:01.812,1.814,1.219002,-0.5279996,1.04,-292.56,576.0001,18.48892,6361.14,1686.803,16395.06,0,0
43,00:00:01.814,1.8156,1.234005,-0.5424993,1.069,-292.56,576,19.40396,6370.724,1698.337,16422.16,0,0
43,00:00:01.816,1.8172,1.249008,-0.556999,1.098,-292.56,576,20.319,6430.47,1687.619,16477.16,0,0
43,00:00:01.817,1.8188,1.249008,-0.556999,1.098,-292.56,576,20.319,6479.22,1694.376,16532.66,0,0
43,00:00:01.819,1.8204,1.249008,-0.556999,1.098,-292.56,576,20.319,6454.517,1742.141,16555.73,0,0
43,00:00:01.820,1.822,1.263508,-0.5720022,1.1265,-292.56,576.0001,20.59067,6430.147,1790.605,16585.6,0,0
43,00:00:01.822,1.8236,1.278008,-0.5870054,1.155,-292.56,576.0001,20.86235,6454.485,1805.167,16630.27,0,0
43,00:00:01.824,1.8252,1.278008,-0.5870054,1.155,-292.56,576.0001,20.86235,6465.222,1805.633,16641.47,0,0
43,00:00:01.825,1.8268,1.278008,-0.5870054,1.155,-292.56,576.0001,20.86235,6438.808,1830.681,16640.11,0,0
43,00:00:01.827,1.8284,1.307007,-0.6160047,1.213,-292.56,576,21.84476,6350.947,1867.844,16600.96,0,0
43,00:00:01.828,1.83,1.307007,-0.6160047,1.213,-292.56,576,21.84476,6330.969,1859.922,16573.06,0,0
44,00:00:01.830,1.8316,1.307007,-0.6160047,1.213,-292.56,576,21.84476,6405.278,1781.984,16569.43,0,0
44,00:00:01.832,1.8332,1.307007,-0.6160047,1.213,-292.56,576,21.84476,6519.135,1689.25,16590.55,0,0
44,00:00:01.833,1.8348,1.336006,-0.645004,1.271,-292.56,575.9999,21.77059,6554.873,1608.516,16557.11,0,0
44,00:00:01.835,1.8364,1.336006,-0.645004,1.271,-292.56,575.9999,21.77059,6555.186,1578.924,16527.83,0,0
44,00:00:01.836,1.838,1.336006,-0.645004,1.271,-292.56,575.9999,21.77059,6593.94,1542.926,16530.58,0,0
44,00:00:01.838,1.8396,1.351006,-0.6595037,1.2995,-292.56,576,21.37555,6676.5,1504.015,16580.21,0,0
44,00:00:01.840,1.8412,1.366005,-0.6740034,1.328,-292.56,576.0001,20.98051,6743.559,1487.355,16636.58,0,0
44,00:00:01.841,1.8428,1.366005,-0.6740034,1.328,-292.56,576.0001,20.98051,6731.999,1511.121,16648.79,0,0
44,00:00:01.843,1.8444,1.366005,-0.6740034,1.328,-292.56,576.0001,20.98051,6695.97,1565.294,16666.93,0,0
44,00:00:01.844,1.846,1.380505,-0.6890028,1.357,-292.56,576.0001,20.59877,6726.526,1589.06,16727.03,0,0
44,00:00:01.846,1.8476,1.395004,-0.7040021,1.386,-292.56,576.0001,20.21703,6778.396,1595.467,16791.08,0,0
44,00:00:01.848,1.8492,1.395004,-0.7040021,1.386,-292.56,576.0001,20.21703,6798.4,1614.224,16829.84,0,0
44,00:00:01.849,1.8508,1.395004,-0.7040021,1.386,-292.56,576.0001,20.21703,6730.757,1644.864,16792.83,0,0
44,00:00:01.851,1.8524,1.424004,-0.7330015,1.443,-292.5602,575.9999,20.15373,6683.501,1659.892,16772.16,0,0
44,00:00:01.852,1.854,1.424004,-0.7330015,1.443,-292.5602,575.9999,20.15373,6691.742,1643.582,16764.09,0,0
44,00:00:01.854,1.8556,1.424004,-0.7330015,1.443,-292.5602,575.9999,20.15373,6776.917,1578.692,16784.37,0,0
44,00:00:01.856,1.8572,1.424004,-0.7330015,1.443,-292.5602,575.9999,20.15373,6815.778,1519.043,16763.58,0,0
44,00:00:01.857,1.8588,1.453003,-0.7620008,1.501,-292.5601,576,19.25194,6804.854,1466.036,16711.2,0,0
44,00:00:01.859,1.8604,1.453003,-0.7620008,1.501,-292.5601,576,19.25194,6845.54,1402.776,16688.63,0,0
44,00:00:01.860,1.862,1.453003,-0.7620008,1.501,-292.5601,576,19.25194,6926.4,1339.051,16705.76,0,0
44,00:00:01.862,1.8636,1.468002,-0.7765005,1.53,-292.5601,576,19.17838,7001.326,1296.528,16744.14,0,0
44,00:00:01.864,1.8652,1.483002,-0.7910001,1.559,-292.56,575.9999,19.10482,7007.791,1292.684,16752.73,0,0
44,00:00:01.865,1.8668,1.483002,-0.7910001,1.559,-292.56,575.9999,19.10482,6976.505,1316.333,16745.1,0,0
44,00:00:01.867,1.8684,1.483002,-0.7910001,1.559,-292.56,575.9999,19.10482,7019.71,1329.148,16801.12,0,0
44,00:00:01.868,1.87,1.497505,-0.8059995,1.5875,-292.56,576,19.58524,7064.113,1326.353,16848.5,0,0
44,00:00:01.870,1.8716,1.512009,-0.8209989,1.616,-292.56,576.0001,20.06567,7102.786,1355.943,16922.54,0,0
45,00:00:01.872,1.8732,1.512009,-0.8209989,1.616,-292.56,576.0001,20.06567,7099.055,1381.34,16944.21,0,0
45,00:00:01.873,1.8748,1.512009,-0.8209989,1.616,-292.56,576.0001,20.06567,7068.725,1404.874,16937.41,0,0
45,00:00:01.875,1.8764,1.541008,-0.8500059,1.674,-292.56,576,20.61743,7059.576,1404.291,16939.23,0,0
45,00:00:01.876,1.878,1.541008,-0.8500059,1.674,-292.56,576,20.61743,7106.381,1376.913,16958.66,0,0
45,00:00:01.878,1.8796,1.541008,-0.8500059,1.674,-292.56,576,20.61743,7111.619,1351.4,16938.38,0,0
45,00:00:01.880,1.8812,1.541008,-0.8500059,1.674,-292.56,576,20.61743,7085.56,1327.401,16888.32,0,0
45,00:00:01.881,1.8828,1.570007,-0.8790052,1.731,-292.56,576,20.78748,7082.108,1288.141,16857.16,0,0
45,00:00:01.883,1.8844,1.570007,-0.8790052,1.731,-292.56,576,20.78748,7168.133,1209.736,16864.78,0,0
45,00:00:01.884,1.886,1.570007,-0.8790052,1.731,-292.56,576,20.78748,7261.271,1135.06,16883.24,0,0
45,00:00:01.886,1.8876,1.585007,-0.8935049,1.76,-292.56,576,20.7205,7271.397,1116.303,16880.58,0,0
45,00:00:01.888,1.8892,1.600006,-0.9080045,1.789,-292.56,576,20.65352,7250.913,1116.885,16866.66,0,0
45,00:00:01.889,1.8908,1.600006,-0.9080045,1.789,-292.56,576,20.65352,7281.118,1111.526,16891.5,0,0
45,00:00:01.891,1.8924,1.600006,-0.9080045,1.789,-292.56,576,20.65352,7344.028,1093.702,16936.59,0,0
45,00:00:01.892,1.894,1.614506,-0.9230039,1.818,-292.56,576,20.71983,7385.905,1110.594,17001.13,0,0
45,00:00:01.894,1.8956,1.629005,-0.9380033,1.847,-292.56,575.9999,20.78613,7350.028,1143.914,17004.35,0,0
45,00:00:01.896,1.8972,1.629005,-0.9380033,1.847,-292.56,575.9999,20.78613,7357.65,1172.456,17040.51,0,0
45,00:00:01.897,1.8988,1.629005,-0.9380033,1.847,-292.56,575.9999,20.78613,7411.082,1165.466,17086.96,0,0
45,00:00:01.899,1.9004,1.658005,-0.9670026,1.904,-292.56,576.0001,20.99113,7458.973,1138.438,17119.37,0,0
45,00:00:01.900,1.902,1.658005,-0.9670026,1.904,-292.56,576.0001,20.99113,7452.355,1126.555,17100.87,0,0
45,00:00:01.902,1.9036,1.658005,-0.9670026,1.904,-292.56,576.0001,20.99113,7395.974,1136.108,17054.04,0,0
45,00:00:01.904,1.9052,1.658005,-0.9670026,1.904,-292.56,576.0001,20.99113,7388.342,1123.06,17033.36,0,0
45,00:00:01.905,1.9068,1.687004,-0.996002,1.962,-292.56,576.0001,20.81642,7423.78,1074.247,17031.53,0,0
45,00:00:01.907,1.9084,1.687004,-0.996002,1.962,-292.56,576.0001,20.81642,7481.566,1005.511,17020.58,0,0
45,00:00:01.908,1.91,1.687004,-0.996002,1.962,-292.56,576.0001,20.81642,7487.546,980.1145,17001.16,0,0
45,00:00:01.910,1.9116,1.702003,-1.010502,1.9905,-292.56,576,20.46447,7449.66,980.9299,16970.07,0,0
45,00:00:01.912,1.9132,1.717003,-1.025001,2.019,-292.56,575.9999,20.11252,7468.482,972.8915,16986.83,0,0
46,00:00:01.913,1.9148,1.717003,-1.025001,2.019,-292.56,575.9999,20.11252,7533.598,950.174,17029.22,0,0
46,00:00:01.915,1.9164,1.717003,-1.025001,2.019,-292.56,575.9999,20.11252,7579.451,955.3,17080.2,0,0
46,00:00:01.916,1.918,1.731503,-1.040001,2.048,-292.56,575.9999,20.20654,7539.336,974.7555,17065.32,0,0
46,00:00:01.918,1.9196,1.746002,-1.055,2.077,-292.56,575.9999,20.30056,7523.477,1000.269,17080.75,0,0
46,00:00:01.920,1.9212,1.746002,-1.055,2.077,-292.56,575.9999,20.30056,7583.791,1007.725,17148.52,0,0
46,00:00:01.921,1.9228,1.746002,-1.055,2.077,-292.56,575.9999,20.30056,7681.06,984.4249,17222.49,0,0
46,00:00:01.923,1.9244,1.774002,-1.083999,2.135,-291.9974,574.8924,20.32267,7718.942,969.1635,17256.26,0,0
46,00:00:01.924,1.926,1.774002,-1.083999,2.135,-291.9974,574.8924,20.32267,7660.443,1000.152,17228.75,0,0
46,00:00:01.926,1.9276,1.774002,-1.083999,2.135,-291.9974,574.8924,20.32267,7597.779,1029.044,17194.98,0,0
46,00:00:01.928,1.9292,1.774002,-1.083999,2.135,-291.9974,574.8924,20.32267,7586.444,1025.083,17179.68,0,0
46,00:00:01.929,1.9308,1.800003,-1.111999,2.191,-276.5254,544.4308,21.31129,7627.184,988.852,17194.54,0,0
46,00:00:01.931,1.9324,1.800003,-1.111999,2.191,-276.5254,544.4308,21.31129,7601.492,979.299,17159.3,0,0
46,00:00:01.932,1.934,1.800003,-1.111999,2.191,-276.5254,544.4308,21.31129,7529.471,986.7549,17094.73,0,0
46,00:00:01.934,1.9356,1.811504,-1.125,2.2165,-259.5533,511.0154,21.5486,7480.434,1001.434,17064.96,0,0
46,00:00:01.936,1.9372,1.823006,-1.138,2.242,-242.5812,477.6,21.78592,7490.967,1004.346,17082.98,0,0
46,00:00:01.937,1.9388,1.823006,-1.138,2.242,-242.5812,477.6,21.78592,7506.508,1023.103,17117.28,0,0
46,00:00:01.939,1.9404,1.823006,-1.138,2.242,-242.5812,477.6,21.78592,7455.551,1064.577,17107.8,0,0
46,00:00:01.940,1.942,1.832005,-1.149502,2.264,-224.2963,441.6001,21.91955,7385.008,1118.051,17094.31,0,0
46,00:00:01.942,1.9436,1.841003,-1.161003,2.286,-206.0113,405.6002,22.05319,7368.063,1145.428,17108.33,0,0
46,00:00:01.944,1.9452,1.841003,-1.161003,2.286,-206.0113,405.6002,22.05319,7402.665,1157.311,17154.81,0,0
46,00:00:01.945,1.9468,1.841003,-1.161003,2.286,-206.0113,405.6002,22.05319,7460.633,1165.233,17220.7,0,0
46,00:00:01.947,1.9484,1.856003,-1.179001,2.322,-169.4411,333.6001,22.41271,7422.656,1206.707,17230.17,0,0
46,00:00:01.948,1.95,1.856003,-1.179001,2.322,-169.4411,333.6001,22.41271,7371.549,1241.541,17213.9,0,0
46,00:00:01.950,1.9516,1.856003,-1.179001,2.322,-169.4411,333.6001,22.41271,7363.925,1257.734,17222.47,0,0
46,00:00:01.952,1.9532,1.856003,-1.179001,2.322,-169.4411,333.6001,22.41271,7366.002,1248.88,17215.69,0,0
46,00:00:01.953,1.9548,1.868004,-1.194,2.352,-132.8711,261.5999,22.12909,7307.01,1276.49,17189.09,0,0
47,00:00:01.955,1.9564,1.868004,-1.194,2.352,-132.8711,261.5999,22.12909,7186.416,1334.391,17126.4,0,0
47,00:00:01.956,1.958,1.868004,-1.194,2.352,-132.8711,261.5999,22.12909,7117.414,1360.487,17083.49,0,0
47,00:00:01.958,1.9596,1.871506,-1.200001,2.363,-114.5861,225.6,21.91825,7091.429,1368.292,17066.71,0,0
47,00:00:01.960,1.9612,1.875008,-1.206001,2.374,-96.30109,189.6001,21.70741,7073.305,1389.029,17070.71,0,0
47,00:00:01.961,1.9628,1.875008,-1.206001,2.374,-96.30109,189.6001,21.70741,6962.303,1475.24,17045.92,0,0
47,00:00:01.963,1.9644,1.875008,-1.206001,2.374,-96.30109,189.6001,21.70741,6859.597,1545.955,17013.93,0,0
47,00:00:01.964,1.966,1.877007,-1.209503,2.3815,-78.01598,153.6,21.46314,6808.286,1609.098,17026.56,0,0
47,00:00:01.966,1.9676,1.879005,-1.213005,2.389,-59.73087,117.6,21.21888,6789.247,1649.407,17048.63,0,0
47,00:00:01.968,1.9692,1.879005,-1.213005,2.389,-59.73087,117.6,21.21888,6768.208,1696.589,17074.77,0,0
47,00:00:01.969,1.9708,1.879005,-1.213005,2.389,-59.73087,117.6,21.21888,6674.023,1780.469,17064.46,0,0
47,00:00:01.971,1.9724,1.881004,-1.217003,2.397,-23.72376,46.70779,20.75424,6637.691,1842.214,17090.67,0,0
47,00:00:01.972,1.974,1.881004,-1.217003,2.397,-23.72376,46.70779,20.75424,6661.073,1858.058,17129.9,0,0
47,00:00:01.974,1.9756,1.881004,-1.217003,2.397,-23.72376,46.70779,20.75424,6710.693,1838.137,17159.6,0,0
47,00:00:01.976,1.9772,1.881004,-1.217003,2.397,-23.72376,46.70779,20.75424,6697.273,1841.632,17149.67,0,0
47,00:00:01.977,1.9788,1.883003,-1.219002,2.4,-8.322124,11.8155,20.47351,6613.15,1870.874,17095.59,0,0
47,00:00:01.979,1.9804,1.883003,-1.219002,2.4,-8.322124,11.8155,20.47351,6598.955,1861.204,17071.72,0,0
47,00:00:01.980,1.982,1.883003,-1.219002,2.4,-8.322124,11.8155,20.47351,6636.554,1827.186,17075.3,0,0
47,00:00:01.982,1.9836,1.886505,-1.220001,2.401,-25.99847,31.38473,20.59063,6678.298,1784.43,17075.69,0,0
47,00:00:01.984,1.9852,1.890007,-1.221,2.402,-43.67481,50.95396,20.70774,6660.895,1776.974,17052.22,0,0
47,00:00:01.985,1.9868,1.890007,-1.221,2.402,-43.67481,50.95396,20.70774,6632.509,1781.052,17027.91,0,0
47,00:00:01.987,1.9884,1.890007,-1.221,2.402,-43.67481,50.95396,20.70774,6666.992,1765.557,17046.9,0,0
47,00:00:01.988,1.99,1.895004,-1.224502,2.4065,-67.09453,78.27696,21.01309,6748.715,1728.743,17093.8,0,0
47,00:00:01.990,1.9916,1.900002,-1.228004,2.411,-90.51424,105.6,21.31845,6811.699,1695.774,17125.8,0,0
47,00:00:01.992,1.9932,1.900002,-1.228004,2.411,-90.51424,105.6,21.31845,6820.669,1699.502,17138.5,0,0
47,00:00:01.993,1.9948,1.900002,-1.228004,2.411,-90.51424,105.6,21.31845,6816.098,1707.773,17142.2,0,0
47,00:00:01.995,1.9964,1.910004,-1.237999,2.422,-102.857,119.9999,21.61771,6888.438,1693.327,17204.08,0,0
48,00:00:01.996,1.998,1.910004,-1.237999,2.422,-102.857,119.9999,21.61771,7004.17,1646.611,17273.1,0,0
48,00:00:01.998,1.9996,1.910004,-1.237999,2.422,-102.857,119.9999,21.61771,7075.635,1610.729,17308.68,0,0
48,00:00:02.000,2.0012,1.910004,-1.237999,2.422,-102.857,119.9999,21.61771,7038.267,1623.311,17283.89,0,0
48,00:00:02.001,2.0028,1.921005,-1.248001,2.434,-102.8573,119.9999,21.44811,7016.136,1622.612,17265.45,0,0
48,00:00:02.003,2.0044,1.921005,-1.248001,2.434,-102.8573,119.9999,21.44811,7034,1604.322,17265.02,0,0
48,00:00:02.004,2.006,1.921005,-1.248001,2.434,-102.8573,119.9999,21.44811,7086.426,1568.556,17281.68,0,0
48,00:00:02.006,2.0076,1.926006,-1.253502,2.44,-102.8572,119.9999,21.4213,7047.578,1566.575,17242.84,0,0
48,00:00:02.008,2.0092,1.931007,-1.259002,2.446,-102.8571,119.9999,21.39449,6987.872,1580.089,17198.64,0,0
48,00:00:02.009,2.0108,1.931007,-1.259002,2.446,-102.8571,119.9999,21.39449,6974.491,1579.507,17184.68,0,0
48,00:00:02.011,2.0124,1.931007,-1.259002,2.446,-102.8571,119.9999,21.39449,7016.576,1575.779,17223.04,0,0
48,00:00:02.012,2.014,1.936005,-1.264004,2.452,-102.8571,120.0001,21.50717,7065.297,1558.886,17256.86,0,0
48,00:00:02.014,2.0156,1.941002,-1.269005,2.458,-102.8572,120.0002,21.61985,7053.327,1582.885,17270.88,0,0
48,00:00:02.016,2.0172,1.941002,-1.269005,2.458,-102.8572,120.0002,21.61985,7012.836,1597.681,17245.18,0,0
48,00:00:02.017,2.0188,1.941002,-1.269005,2.458,-102.8572,120.0002,21.61985,7061.703,1598.962,17295.33,0,0
48,00:00:02.019,2.0204,1.951004,-1.278999,2.47,-102.8571,119.9999,21.70485,7127.944,1576.129,17342.72,0,0
48,00:00:02.020,2.022,1.951004,-1.278999,2.47,-102.8571,119.9999,21.70485,7200.262,1566.109,17405.02,0,0
48,00:00:02.022,2.0236,1.951004,-1.278999,2.47,-102.8571,119.9999,21.70485,7186.345,1578.225,17403.21,0,0
48,00:00:02.024,2.0252,1.951004,-1.278999,2.47,-102.8571,119.9999,21.70485,7214.813,1570.071,17423.53,0,0
48,00:00:02.025,2.0268,1.962006,-1.289001,2.482,-102.8571,119.9999,21.4173,7236.655,1546.537,17426.22,0,0
48,00:00:02.027,2.0284,1.962006,-1.289001,2.482,-102.8571,119.9999,21.4173,7288.895,1528.596,17460.52,0,0
48,00:00:02.028,2.03,1.962006,-1.289001,2.482,-102.8571,119.9999,21.4173,7250.93,1534.538,17428.5,0,0
48,00:00:02.030,2.0316,1.967007,-1.294502,2.488,-102.8571,119.9999,21.23495,7176.728,1557.605,17379.35,0,0
48,00:00:02.032,2.0332,1.972008,-1.300003,2.494,-102.8571,119.9999,21.0526,7140.336,1549.566,17336.91,0,0
48,00:00:02.033,2.0348,1.972008,-1.300003,2.494,-102.8571,119.9999,21.0526,7183.132,1526.15,17356.29,0,0
48,00:00:02.035,2.0364,1.972008,-1.300003,2.494,-102.8571,119.9999,21.0526,7207.129,1512.053,17366.19,0,0
48,00:00:02.036,2.038,1.977005,-1.305004,2.5,-102.8571,119.9999,21.17289,7189.254,1537.917,17376.17,0,0
49,00:00:02.038,2.0396,1.982002,-1.310005,2.506,-102.8571,119.9999,21.29318,7141.928,1559.353,17352.27,0,0
49,00:00:02.040,2.0412,1.982002,-1.310005,2.506,-102.8571,119.9999,21.29318,7168.355,1565.876,17385.22,0,0
49,00:00:02.041,2.0428,1.982002,-1.310005,2.506,-102.8571,119.9999,21.29318,7218.35,1550.149,17419.49,0,0
49,00:00:02.043,2.0444,1.993004,-1.319999,2.518,-102.8571,120.0002,21.77255,7264.883,1542.576,17462.83,0,0
49,00:00:02.044,2.046,1.993004,-1.319999,2.518,-102.8571,120.0002,21.77255,7232.41,1576.944,17464.73,0,0
49,00:00:02.046,2.0476,1.993004,-1.319999,2.518,-102.8571,120.0002,21.77255,7263.459,1577.526,17496.36,0,0
49,00:00:02.048,2.0492,1.993004,-1.319999,2.518,-102.8571,120.0002,21.77255,7327.487,1545.489,17528.35,0,0
49,00:00:02.049,2.0508,2.003006,-1.331001,2.53,-102.8572,119.9999,22.16698,7410.167,1507.044,17576.57,0,0
49,00:00:02.051,2.0524,2.003006,-1.331001,2.53,-102.8572,119.9999,22.16698,7390.628,1515.315,17565.3,0,0
49,00:00:02.052,2.054,2.003006,-1.331001,2.53,-102.8572,119.9999,22.16698,7331.035,1540.246,17530.64,0,0
49,00:00:02.054,2.0556,2.008007,-1.336002,2.536,-102.8571,120.0001,22.24232,7296.547,1545.722,17503.62,0,0
49,00:00:02.056,2.0572,2.013008,-1.341003,2.542,-102.8571,120.0002,22.31767,7314.407,1523.121,17500.87,0,0
49,00:00:02.057,2.0588,2.013008,-1.341003,2.542,-102.8571,120.0002,22.31767,7350.513,1495.976,17509.83,0,0
49,00:00:02.059,2.0604,2.013008,-1.341003,2.542,-102.8571,120.0002,22.31767,7320.028,1503.898,17487.27,0,0
49,00:00:02.060,2.062,2.018005,-1.346004,2.548,-102.8571,120.0001,22.46859,7258.75,1543.392,17467.47,0,0
49,00:00:02.062,2.0636,2.023003,-1.351005,2.554,-102.8571,119.9999,22.61952,7276.874,1550.848,17495.04,0,0
49,00:00:02.064,2.0652,2.023003,-1.351005,2.554,-102.8571,119.9999,22.61952,7331.528,1533.14,17531.99,0,0
49,00:00:02.065,2.0668,2.023003,-1.351005,2.554,-102.8571,119.9999,22.61952,7371.043,1520.208,17558.57,0,0
49,00:00:02.067,2.0684,2.034004,-1.361,2.566,-102.8571,119.9999,23.57719,7340.902,1551.896,17564.5,0,0
49,00:00:02.068,2.07,2.034004,-1.361,2.566,-102.8571,119.9999,23.57719,7305.714,1568.207,17545.62,0,0
49,00:00:02.070,2.0716,2.034004,-1.361,2.566,-102.8571,119.9999,23.57719,7374.004,1558.188,17603.89,0,0
49,00:00:02.072,2.0732,2.034004,-1.361,2.566,-102.8571,119.9999,23.57719,7476.442,1512.985,17661.13,0,0
49,00:00:02.073,2.0748,2.044006,-1.372001,2.578,-102.8571,120.0001,23.72131,7509.536,1494.345,17679.57,0,0
49,00:00:02.075,2.0764,2.044006,-1.372001,2.578,-102.8571,120.0001,23.72131,7456.773,1523.238,17655.7,0,0
49,00:00:02.076,2.078,2.044006,-1.372001,2.578,-102.8571,120.0001,23.72131,7451.762,1527.431,17654.88,0,0
49,00:00:02.078,2.0796,2.049007,-1.377002,2.584,-102.8571,120,23.4928,7458.067,1511.471,17647.21,0,0
50,00:00:02.080,2.0812,2.054008,-1.382004,2.59,-102.8572,120,23.26429,7489.158,1487.822,17656.65,0,0
50,00:00:02.081,2.0828,2.054008,-1.382004,2.59,-102.8572,120,23.26429,7441.286,1491.433,17612.39,0,0
50,00:00:02.083,2.0844,2.054008,-1.382004,2.59,-102.8572,120,23.26429,7384.184,1510.656,17574.51,0,0
50,00:00:02.084,2.086,2.059505,-1.387005,2.596,-102.8572,120,22.99267,7372.825,1516.247,17570.93,0,0
50,00:00:02.086,2.0876,2.065002,-1.392006,2.602,-102.8572,120,22.72104,7425.058,1511.005,17620.11,0,0
50,00:00:02.088,2.0892,2.065002,-1.392006,2.602,-102.8572,120,22.72104,7462.026,1496.559,17642.63,0,0
50,00:00:02.089,2.0908,2.065002,-1.392006,2.602,-102.8572,120,22.72104,7434.015,1526.849,17644.91,0,0
50,00:00:02.091,2.0924,2.075005,-1.403,2.614,-102.8572,120,22.66235,7386.106,1554.576,17628.71,0,0
50,00:00:02.092,2.094,2.075005,-1.403,2.614,-102.8572,120,22.66235,7433.91,1549.683,17671.62,0,0
50,00:00:02.094,2.0956,2.075005,-1.403,2.614,-102.8572,120,22.66235,7515.624,1520.325,17723.98,0,0
50,00:00:02.096,2.0972,2.075005,-1.403,2.614,-102.8572,120,22.66235,7566.424,1511.937,17766.39,0,0
50,00:00:02.097,2.0988,2.085007,-1.413002,2.626,-102.8572,120,22.84225,7535.852,1525.451,17753.32,0,0
50,00:00:02.099,2.1004,2.085007,-1.413002,2.626,-102.8572,120,22.84225,7546.023,1517.529,17755.57,0,0
50,00:00:02.100,2.102,2.085007,-1.413002,2.626,-102.8572,120,22.84225,7574.754,1504.597,17771.37,0,0
50,00:00:02.102,2.1036,2.090008,-1.418003,2.632,-102.8571,120,22.67049,7622.374,1480.249,17796.63,0,0
50,00:00:02.104,2.1052,2.095009,-1.423004,2.638,-102.8571,120,22.49874,7574.964,1486.423,17757.38,0,0
50,00:00:02.105,2.1068,2.095009,-1.423004,2.638,-102.8571,120,22.49874,7503.525,1506.461,17705.98,0,0
50,00:00:02.107,2.1084,2.095009,-1.423004,2.638,-102.8571,120,22.49874,7473.67,1504.714,17674.38,0,0
50,00:00:02.108,2.11,2.100506,-1.428005,2.644,-102.8571,120,22.47685,7506.354,1485.142,17689.68,0,0
50,00:00:02.110,2.1116,2.106003,-1.433006,2.65,-102.8572,120,22.45496,7543.221,1476.754,17720.35,0,0
50,00:00:02.112,2.1132,2.106003,-1.433006,2.65,-102.8572,120,22.45496,7510.033,1507.277,17717.68,0,0
50,00:00:02.113,2.1148,2.106003,-1.433006,2.65,-102.8572,120,22.45496,7467.042,1537.218,17704.63,0,0
50,00:00:02.115,2.1164,2.116005,-1.444,2.662,-102.8572,120,22.43411,7487.626,1534.305,17726.29,0,0
50,00:00:02.116,2.118,2.116005,-1.444,2.662,-102.8572,120,22.43411,7564.797,1515.781,17784.94,0,0
50,00:00:02.118,2.1196,2.116005,-1.444,2.662,-102.8572,120,22.43411,7591.767,1511.82,17807.95,0,0
50,00:00:02.120,2.1212,2.116005,-1.444,2.662,-102.8572,120,22.43411,7562.062,1544.324,17810.74,0,0
51,00:00:02.121,2.1228,2.126007,-1.454002,2.674,-102.8571,120,22.4855,7577.835,1537.683,17823.86,0,0
51,00:00:02.123,2.1244,2.126007,-1.454002,2.674,-102.8571,120,22.4855,7640.379,1506.229,17854.95,0,0
51,00:00:02.124,2.126,2.126007,-1.454002,2.674,-102.8571,120,22.4855,7715.9,1474.424,17898.67,0,0
51,00:00:02.126,2.1276,2.131508,-1.459003,2.68,-102.8571,120,22.55021,7693.472,1476.637,17880.64,0,0
51,00:00:02.128,2.1292,2.137009,-1.464004,2.686,-102.8571,120,22.61492,7616.448,1501.452,17830.63,0,0
51,00:00:02.129,2.1308,2.137009,-1.464004,2.686,-102.8571,120,22.61492,7591.443,1501.685,17805.85,0,0
51,00:00:02.131,2.1324,2.137009,-1.464004,2.686,-102.8571,120,22.61492,7612.445,1481.53,17806.7,0,0
51,00:00:02.132,2.134,2.142006,-1.469505,2.692,-102.8571,120,22.65272,7639.81,1457.531,17812.05,0,0
51,00:00:02.134,2.1356,2.147003,-1.475006,2.697999,-102.8571,120,22.69052,7591.125,1478.968,17786.8,0,0
51,00:00:02.136,2.1372,2.147003,-1.475006,2.697999,-102.8571,120,22.69052,7539.191,1521.49,17777.38,0,0
51,00:00:02.137,2.1388,2.147003,-1.475006,2.697999,-102.8571,120,22.69052,7561.566,1524.402,17802.67,0,0
51,00:00:02.139,2.1404,2.157005,-1.485,2.71,-102.8572,120,22.82056,7619.684,1510.539,17850.91,0,0
51,00:00:02.140,2.142,2.157005,-1.485,2.71,-102.8572,120,22.82056,7640.407,1506.461,17867.56,0,0
51,00:00:02.142,2.1436,2.157005,-1.485,2.71,-102.8572,120,22.82056,7601.589,1540.829,17863.11,0,0
51,00:00:02.144,2.1452,2.157005,-1.485,2.71,-102.8572,120,22.82056,7593.251,1553.76,17867.7,0,0
51,00:00:02.145,2.1468,2.167007,-1.495003,2.722,-102.8572,120,22.34398,7653.386,1535.703,17913.76,0,0
51,00:00:02.147,2.1484,2.167007,-1.495003,2.722,-102.8572,120,22.34398,7754.544,1495.394,17974.61,0,0
51,00:00:02.148,2.15,2.167007,-1.495003,2.722,-102.8572,120,22.34398,7763.573,1486.773,17975.02,0,0
51,00:00:02.150,2.1516,2.172508,-1.500004,2.728,-102.8572,120,21.98264,7710.707,1502.734,17940.3,0,0
51,00:00:02.152,2.1532,2.178009,-1.505005,2.734,-102.8572,120,21.6213,7679.303,1508.092,17916.45,0,0
51,00:00:02.153,2.1548,2.178009,-1.505005,2.734,-102.8572,120,21.6213,7712.225,1487.821,17929.1,0,0
51,00:00:02.155,2.1564,2.178009,-1.505005,2.734,-102.8572,120,21.6213,7735.756,1463.356,17928.16,0,0
51,00:00:02.156,2.158,2.183006,-1.510505,2.74,-102.8571,120,21.48158,7690.49,1468.715,17890.25,0,0
51,00:00:02.158,2.1596,2.188004,-1.516006,2.746,-102.857,120,21.34184,7628.069,1493.064,17854.17,0,0
51,00:00:02.160,2.1612,2.188004,-1.516006,2.746,-102.857,120,21.34184,7632.325,1490.617,17855.98,0,0
51,00:00:02.161,2.1628,2.188004,-1.516006,2.746,-102.857,120,21.34184,7686.396,1485.724,17905.15,0,0
52,00:00:02.163,2.1644,2.198006,-1.526001,2.758,-102.8572,120,21.86452,7708.493,1480.365,17925.88,0,0
52,00:00:02.164,2.166,2.198006,-1.526001,2.758,-102.8572,120,21.86452,7666.194,1516.83,17920.04,0,0
52,00:00:02.166,2.1676,2.198006,-1.526001,2.758,-102.8572,120,21.86452,7660.412,1526.266,17923.7,0,0
52,00:00:02.168,2.1692,2.198006,-1.526001,2.758,-102.8572,120,21.86452,7700.28,1518.461,17955.76,0,0
52,00:00:02.169,2.1708,2.209007,-1.536003,2.77,-102.8572,120,22.28074,7775.238,1503.666,18020.3,0,0
52,00:00:02.171,2.1724,2.209007,-1.536003,2.77,-102.8572,120,22.28074,7800.072,1491.899,18033.37,0,0
52,00:00:02.172,2.174,2.209007,-1.536003,2.77,-102.8572,120,22.28074,7793.346,1494.113,18028.86,0,0
52,00:00:02.174,2.1756,2.214005,-1.541504,2.776,-102.8571,120,22.19189,7791.249,1494.229,18028.87,0,0
52,00:00:02.176,2.1772,2.219002,-1.547004,2.782,-102.857,120,22.10305,7826.102,1466.852,18038.33,0,0
52,00:00:02.177,2.1788,2.219002,-1.547004,2.782,-102.857,120,22.10305,7847.328,1445.182,18037.89,0,0
52,00:00:02.179,2.1804,2.219002,-1.547004,2.782,-102.857,120,22.10305,7809.294,1450.308,18004.98,0,0
52,00:00:02.180,2.182,2.224003,-1.552002,2.788,-102.8571,120,21.90055,7731.562,1470.114,17949.04,0,0
52,00:00:02.182,2.1836,2.229004,-1.556999,2.794,-102.8571,120,21.69806,7718.577,1463.939,17931.88,0,0
52,00:00:02.184,2.1852,2.229004,-1.556999,2.794,-102.8571,120,21.69806,7762.259,1436.911,17948.53,0,0
52,00:00:02.185,2.1868,2.229004,-1.556999,2.794,-102.8571,120,21.69806,7772.097,1442.386,17963.84,0,0
52,00:00:02.187,2.1884,2.239006,-1.567001,2.806,-102.8572,120,22.03478,7724.801,1483.045,17961.19,0,0
52,00:00:02.188,2.19,2.239006,-1.567001,2.806,-102.8572,120,22.03478,7705.892,1507.859,17967.1,0,0
52,00:00:02.190,2.1916,2.239006,-1.567001,2.806,-102.8572,120,22.03478,7721.46,1507.16,17981.96,0,0
52,00:00:02.192,2.1932,2.239006,-1.567001,2.806,-102.8572,120,22.03478,7797.984,1491.083,18042.41,0,0
52,00:00:02.193,2.1948,2.250008,-1.577003,2.818,-102.8572,119.9999,22.35882,7826.092,1484.792,18068.61,0,0
52,00:00:02.195,2.1964,2.250008,-1.577003,2.818,-102.8572,119.9999,22.35882,7803.883,1508.442,18070.05,0,0
52,00:00:02.196,2.198,2.250008,-1.577003,2.818,-102.8572,119.9999,22.35882,7831.879,1501.219,18090.82,0,0
52,00:00:02.198,2.1996,2.255005,-1.582504,2.824,-102.8572,120,22.29018,7885.865,1465.919,18111.5,0,0
52,00:00:02.200,2.2012,2.260002,-1.588005,2.829999,-102.8571,120,22.22153,7943.111,1431.901,18136.72,0,0
52,00:00:02.201,2.2028,2.260002,-1.588005,2.829999,-102.8571,120,22.22153,7908.074,1439.008,18108.79,0,0
52,00:00:02.203,2.2044,2.260002,-1.588005,2.829999,-102.8571,120,22.22153,7843.859,1460.444,18066.01,0,0
53,00:00:02.204,2.206,2.265003,-1.593002,2.835999,-102.8572,120,21.96611,7833.633,1454.27,18051.6,0,0
53,00:00:02.206,2.2076,2.270004,-1.597999,2.842,-102.8572,120,21.71069,7855.253,1418.854,18039.8,0,0
53,00:00:02.208,2.2092,2.270004,-1.597999,2.842,-102.8572,120,21.71069,7863.242,1410.349,18039.28,0,0
53,00:00:02.209,2.2108,2.270004,-1.597999,2.842,-102.8572,120,21.71069,7804.202,1440.989,18010.88,0,0
53,00:00:02.211,2.2124,2.281006,-1.608001,2.854,-102.8572,120.0001,21.45792,7776.538,1473.375,18019.98,0,0
53,00:00:02.212,2.214,2.281006,-1.608001,2.854,-102.8572,120.0001,21.45792,7795.942,1472.909,18038.92,0,0
53,00:00:02.214,2.2156,2.281006,-1.608001,2.854,-102.8572,120.0001,21.45792,7849.57,1470.23,18089.87,0,0
53,00:00:02.216,2.2172,2.281006,-1.608001,2.854,-102.8572,120.0001,21.45792,7864.645,1467.317,18102.03,0,0
53,00:00:02.217,2.2188,2.291008,-1.619003,2.866,-102.8572,120.0001,21.72049,7827.95,1494.229,18096.23,0,0
53,00:00:02.219,2.2204,2.291008,-1.619003,2.866,-102.8572,120.0001,21.72049,7846.245,1496.326,18116.63,0,0
53,00:00:02.220,2.222,2.291008,-1.619003,2.866,-102.8572,120.0001,21.72049,7918.058,1472.793,18164.91,0,0
53,00:00:02.222,2.2236,2.296005,-1.624004,2.872,-102.8572,120,21.75192,8013.254,1421.999,18211.3,0,0
53,00:00:02.224,2.2252,2.301003,-1.629005,2.878,-102.8572,119.9999,21.78335,8003.833,1420.368,18202.24,0,0
53,00:00:02.225,2.2268,2.301003,-1.629005,2.878,-102.8572,119.9999,21.78335,7950.886,1433.649,18162.57,0,0
53,00:00:02.227,2.2284,2.301003,-1.629005,2.878,-102.8572,119.9999,21.78335,7944.674,1432.717,18155.43,0,0
53,00:00:02.228,2.23,2.306004,-1.634002,2.884,-102.8572,119.9999,21.74666,7978.908,1396.485,18155.42,0,0
53,00:00:02.230,2.2316,2.311005,-1.639,2.89,-102.8572,119.9999,21.70997,7986.786,1379.36,18148.16,0,0
53,00:00:02.232,2.2332,2.311005,-1.639,2.89,-102.8572,119.9999,21.70997,7917.958,1389.495,18089.47,0,0
53,00:00:02.233,2.2348,2.311005,-1.639,2.89,-102.8572,119.9999,21.70997,7871.251,1404.64,18057.91,0,0
53,00:00:02.235,2.2364,2.322006,-1.649002,2.902,-102.857,120,21.85893,7869.902,1408.834,18065.14,0,0
53,00:00:02.236,2.238,2.322006,-1.649002,2.902,-102.857,120,21.85893,7930.488,1408.718,18125.61,0,0
53,00:00:02.238,2.2396,2.322006,-1.649002,2.902,-102.857,120,21.85893,7952.652,1409.533,18148.59,0,0
53,00:00:02.240,2.2412,2.322006,-1.649002,2.902,-102.857,120,21.85893,7899.599,1439.59,18125.59,0,0
53,00:00:02.241,2.2428,2.332008,-1.660003,2.914,-102.8572,120,22.08381,7898.544,1455.667,18144.6,0,0
53,00:00:02.243,2.2444,2.332008,-1.660003,2.914,-102.8572,120,22.08381,7942.77,1445.765,18178.92,0,0
53,00:00:02.244,2.246,2.332008,-1.660003,2.914,-102.8572,120,22.08381,8046.394,1412.097,18248.88,0,0
54,00:00:02.246,2.2476,2.337006,-1.665004,2.92,-102.8572,120,22.3014,8064.345,1405.223,18261.94,0,0
54,00:00:02.248,2.2492,2.342003,-1.670006,2.926,-102.8572,120.0001,22.519,8027.205,1413.728,18235.3,0,0
54,00:00:02.249,2.2508,2.342003,-1.670006,2.926,-102.8572,120.0001,22.519,8021.362,1409.184,18224.91,0,0
54,00:00:02.251,2.2524,2.342003,-1.670006,2.926,-102.8572,120.0001,22.519,8064.086,1374.117,18232.57,0,0
54,00:00:02.252,2.254,2.347504,-1.675003,2.932,-102.8571,120.0001,22.35095,8088.543,1356.06,18241.16,0,0
54,00:00:02.254,2.2556,2.353004,-1.68,2.938,-102.857,120.0001,22.1829,8031.847,1365.031,18195.62,0,0
54,00:00:02.256,2.2572,2.353004,-1.68,2.938,-102.857,120.0001,22.1829,7962.293,1374.583,18135.62,0,0
54,00:00:02.257,2.2588,2.353004,-1.68,2.938,-102.857,120.0001,22.1829,7965.203,1360.37,18124.32,0,0
54,00:00:02.259,2.2604,2.363007,-1.691002,2.95,-102.8571,119.9999,22.28763,7998.009,1347.905,18148.64,0,0
54,00:00:02.260,2.262,2.363007,-1.691002,2.95,-102.8571,119.9999,22.28763,8015.483,1355.245,18173.46,0,0
54,00:00:02.262,2.2636,2.363007,-1.691002,2.95,-102.8571,119.9999,22.28763,7966.792,1387.282,18156.8,0,0
54,00:00:02.264,2.2652,2.363007,-1.691002,2.95,-102.8571,119.9999,22.28763,7939.683,1417.572,18159.98,0,0
54,00:00:02.265,2.2668,2.373009,-1.701004,2.961999,-102.8572,119.9999,22.432,7968.14,1415.358,18190.21,0,0
54,00:00:02.267,2.2684,2.373009,-1.701004,2.961999,-102.8572,119.9999,22.432,8068.246,1388.797,18263.76,0,0
54,00:00:02.268,2.27,2.373009,-1.701004,2.961999,-102.8572,119.9999,22.432,8064.87,1393.107,18264.69,0,0
54,00:00:02.270,2.2716,2.378006,-1.706005,2.967999,-102.8572,120,22.35841,8040.519,1417.805,18267.03,0,0
54,00:00:02.272,2.2732,2.383003,-1.711006,2.974,-102.8572,120,22.28481,8073.195,1402.078,18285.96,0,0
54,00:00:02.273,2.2748,2.383003,-1.711006,2.974,-102.8572,120,22.28481,8137,1361.652,18309.35,0,0
54,00:00:02.275,2.2764,2.383003,-1.711006,2.974,-102.8572,120,22.28481,8189.451,1331.711,18331.86,0,0
54,00:00:02.276,2.278,2.388504,-1.716003,2.98,-102.8572,120,22.25678,8140.381,1342.546,18295.81,0,0
54,00:00:02.278,2.2796,2.394005,-1.721,2.986,-102.8571,120,22.22875,8079.219,1351.516,18245.81,0,0
54,00:00:02.280,2.2812,2.394005,-1.721,2.986,-102.8571,120,22.22875,8067.778,1343.128,18225.98,0,0
54,00:00:02.281,2.2828,2.394005,-1.721,2.986,-102.8571,120,22.22875,8089.582,1310.858,18215.51,0,0
54,00:00:02.283,2.2844,2.404007,-1.732002,2.998,-102.8572,120.0001,22.83456,8113.178,1289.538,18221.77,0,0
54,00:00:02.284,2.286,2.404007,-1.732002,2.998,-102.8572,120.0001,22.83456,8055.365,1313.537,18187.96,0,0
54,00:00:02.286,2.2876,2.404007,-1.732002,2.998,-102.8572,120.0001,22.83456,8014.159,1356.177,18189.39,0,0
55,00:00:02.288,2.2892,2.404007,-1.732002,2.998,-102.8572,120.0001,22.83456,8027.408,1357.807,18204.27,0,0
55,00:00:02.289,2.2908,2.414009,-1.742004,3.01,-102.8572,120.0001,23.80651,8100.579,1346.041,18269.66,0,0
55,00:00:02.291,2.2924,2.414009,-1.742004,3.01,-102.8572,120.0001,23.80651,8139.776,1344.293,18307.11,0,0
55,00:00:02.292,2.294,2.414009,-1.742004,3.01,-102.8572,120.0001,23.80651,8090.794,1378.894,18292.73,0,0
55,00:00:02.294,2.2956,2.419506,-1.747005,3.016,-102.8572,120,23.83344,8095.536,1395.087,18315.85,0,0
55,00:00:02.296,2.2972,2.425003,-1.752006,3.022,-102.8572,119.9999,23.86036,8172.765,1359.438,18359.62,0,0
55,00:00:02.297,2.2988,2.425003,-1.752006,3.022,-102.8572,119.9999,23.86036,8287.537,1305.033,18419.99,0,0
55,00:00:02.299,2.3004,2.425003,-1.752006,3.022,-102.8572,119.9999,23.86036,8275.718,1295.596,18398.73,0,0
55,00:00:02.300,2.302,2.430004,-1.757503,3.028,-102.8571,119.9999,23.97495,8225.526,1301.421,18356.36,0,0
55,00:00:02.302,2.3036,2.435005,-1.763,3.034,-102.857,119.9999,24.08953,8209.541,1286.16,18327.11,0,0
55,00:00:02.304,2.3052,2.435005,-1.763,3.034,-102.857,119.9999,24.08953,8257.707,1250.627,18339.74,0,0
55,00:00:02.305,2.3068,2.435005,-1.763,3.034,-102.857,119.9999,24.08953,8284.115,1216.493,18332.01,0,0
55,00:00:02.307,2.3084,2.445007,-1.773002,3.046,-102.857,120,25.53012,8246.268,1208.804,18290.46,0,0
55,00:00:02.308,2.31,2.445007,-1.773002,3.046,-102.857,120,25.53012,8173.191,1223.25,18231.83,0,0
55,00:00:02.310,2.3116,2.445007,-1.773002,3.046,-102.857,120,25.53012,8184.119,1228.609,18248.11,0,0
55,00:00:02.312,2.3132,2.445007,-1.773002,3.046,-102.857,120,25.53012,8267.449,1205.309,18308.14,0,0
55,00:00:02.313,2.3148,2.455002,-1.783005,3.058,-102.8574,120.0001,27.17012,8331.273,1182.125,18352.77,0,0
55,00:00:02.315,2.3164,2.455002,-1.783005,3.058,-102.8574,120.0001,27.17012,8315.421,1210.202,18364.99,0,0
55,00:00:02.316,2.318,2.455002,-1.783005,3.058,-102.8574,120.0001,27.17012,8287.545,1237.696,18364.61,0,0
55,00:00:02.318,2.3196,2.460503,-1.788002,3.064,-102.8572,120,28.05849,8345.073,1216.376,18403.01,0,0
55,00:00:02.320,2.3212,2.466003,-1.792999,3.07,-102.857,119.9999,28.94687,8466.36,1172.805,18482.91,0,0
55,00:00:02.321,2.3228,2.466003,-1.792999,3.07,-102.857,119.9999,28.94687,8546.845,1133.778,18524.37,0,0
55,00:00:02.323,2.3244,2.466003,-1.792999,3.07,-102.857,119.9999,28.94687,8532.514,1130.516,18506.78,0,0
55,00:00:02.324,2.326,2.470505,-1.7985,3.076,-102.3823,119.446,30.05003,8501.783,1122.011,18469.34,0,0
55,00:00:02.326,2.3276,2.475006,-1.804001,3.082,-101.9076,118.8922,31.15319,8518.135,1087.178,18452.65,0,0
55,00:00:02.328,2.3292,2.475006,-1.804001,3.082,-101.9076,118.8922,31.15319,8568.873,1043.607,18459.81,0,0
56,00:00:02.329,2.3308,2.475006,-1.804001,3.082,-101.9076,118.8922,31.15319,8589.829,1022.171,18459.33,0,0
56,00:00:02.331,2.3324,2.480003,-1.813003,3.093,-75.79805,88.43092,33.25748,8449.454,1079.373,18378.15,0,0
56,00:00:02.332,2.334,2.480003,-1.813003,3.093,-75.79805,88.43092,33.25748,8328.471,1126.788,18304.58,0,0
56,00:00:02.334,2.3356,2.480003,-1.813003,3.093,-75.79805,88.43092,33.25748,8257.578,1159.758,18266.66,0,0
56,00:00:02.336,2.3372,2.480003,-1.813003,3.093,-75.79805,88.43092,33.25748,8301.146,1149.505,18299.98,0,0
56,00:00:02.337,2.3388,2.480003,-1.818001,3.098,-24.21093,28.24625,37.72928,8265.321,1196.105,18310.75,0,0
56,00:00:02.339,2.3404,2.480003,-1.818001,3.098,-24.21093,28.24625,37.72928,8116.992,1293.033,18259.35,0,0
56,00:00:02.340,2.342,2.480003,-1.818001,3.098,-24.21093,28.24625,37.72928,7974.592,1405.223,18229.14,0,0
56,00:00:02.342,2.3436,2.479504,-1.818001,3.0985,-8.158351,6.000075,38.44631,7913.149,1469.764,18228.22,0,0
56,00:00:02.344,2.3452,2.479004,-1.818001,3.099,7.894225,-16.2461,39.16335,7981.512,1505.063,18327.87,0,0
56,00:00:02.345,2.3468,2.479004,-1.818001,3.099,7.894225,-16.2461,39.16335,7905.789,1583.468,18330.55,0,0
56,00:00:02.347,2.3484,2.479004,-1.818001,3.099,7.894225,-16.2461,39.16335,7705.734,1721.287,18268.31,0,0
56,00:00:02.348,2.35,2.476006,-1.817501,3.0975,22.47848,-45.32309,40.05458,7566.334,1845.127,18228.65,0,0
56,00:00:02.350,2.3516,2.473007,-1.817001,3.096,37.06273,-74.40008,40.94582,7531.858,1902.212,18227.16,0,0
56,00:00:02.352,2.3532,2.473007,-1.817001,3.096,37.06273,-74.40008,40.94582,7483.932,1973.044,18250.06,0,0
56,00:00:02.353,2.3548,2.473007,-1.817001,3.096,37.06273,-74.40008,40.94582,7285.908,2102.009,18181,0,0
56,00:00:02.355,2.3564,2.464005,-1.811004,3.084,72.9297,-146.4,40.2811,7047.109,2295.05,18062.88,0,0
56,00:00:02.356,2.358,2.464005,-1.811004,3.084,72.9297,-146.4,40.2811,6823.469,2449.179,17993.37,0,0
56,00:00:02.358,2.3596,2.464005,-1.811004,3.084,72.9297,-146.4,40.2811,6702.452,2565.563,17988.73,0,0
56,00:00:02.360,2.3612,2.464005,-1.811004,3.084,72.9297,-146.4,40.2811,6522.724,2723.071,17966.52,0,0
56,00:00:02.361,2.3628,2.451004,-1.802002,3.066,108.7968,-218.4001,37.58562,6243.229,2997.428,17856.88,0,0
56,00:00:02.363,2.3644,2.451004,-1.802002,3.066,108.7968,-218.4001,37.58562,5943.085,3261.534,17820.84,0,0
56,00:00:02.364,2.366,2.451004,-1.802002,3.066,108.7968,-218.4001,37.58562,5755.013,3469.836,17841.07,0,0
56,00:00:02.366,2.3676,2.443005,-1.795501,3.052999,126.7303,-254.4,35.83323,5662.411,3694.797,17909.13,0,0
56,00:00:02.368,2.3692,2.435005,-1.789001,3.039999,144.6638,-290.3999,34.08083,5424.304,3989.542,17901.46,0,0
56,00:00:02.369,2.3708,2.435005,-1.789001,3.039999,144.6638,-290.3999,34.08083,5082.142,4287.55,17857.31,0,0
57,00:00:02.371,2.3724,2.435005,-1.789001,3.039999,144.6638,-290.3999,34.08083,4830.29,4560.159,17878.07,0,0
57,00:00:02.372,2.374,2.425007,-1.781002,3.023499,162.5973,-326.3999,32.33526,4685.936,4805.042,17898.22,0,0
57,00:00:02.374,2.3756,2.415009,-1.773002,3.006999,180.5309,-362.3999,30.58969,4452.102,5094.778,17873.76,0,0
57,00:00:02.376,2.3772,2.415009,-1.773002,3.006999,180.5309,-362.3999,30.58969,4015.143,5419.347,17761.37,0,0
57,00:00:02.377,2.3788,2.415009,-1.773002,3.006999,180.5309,-362.3999,30.58969,3614.772,5729.47,17671.12,0,0
57,00:00:02.379,2.3804,2.391006,-1.753006,2.967,216.398,-434.4001,27.07119,3440.874,6014.079,17588.89,0,0
57,00:00:02.380,2.382,2.391006,-1.753006,2.967,216.398,-434.4001,27.07119,3055.579,6333.406,17522.93,0,0
57,00:00:02.382,2.3836,2.391006,-1.753006,2.967,216.398,-434.4001,27.07119,2560.135,6693.857,17387.93,0,0
57,00:00:02.384,2.3852,2.391006,-1.753006,2.967,216.398,-434.4001,27.07119,2069.612,7077.375,17280.93,0,0
57,00:00:02.385,2.3868,2.364006,-1.729004,2.92,252.2652,-506.4001,25.08621,1862.054,7441.438,17220.39,0,0
57,00:00:02.387,2.3884,2.364006,-1.729004,2.92,252.2652,-506.4001,25.08621,1508.612,7795.248,17220.76,0,0
57,00:00:02.388,2.39,2.364006,-1.729004,2.92,252.2652,-506.4001,25.08621,1175.684,8148.01,17240.6,0,0
57,00:00:02.390,2.3916,2.349007,-1.715503,2.8925,270.1987,-542.4001,25.14262,893.5745,8533.159,17223.07,0,0
57,00:00:02.392,2.3932,2.334007,-1.702003,2.865,288.1322,-578.4,25.19903,677.2856,8884.057,17237.11,0,0
57,00:00:02.393,2.3948,2.334007,-1.702003,2.865,288.1322,-578.4,25.19903,398.1665,9189.287,17263.22,0,0
57,00:00:02.395,2.3964,2.334007,-1.702003,2.865,288.1322,-578.4,25.19903,172.8823,9453.275,17301.92,0,0
57,00:00:02.396,2.398,2.316505,-1.687004,2.8345,306.0657,-614.4,25.73408,-0.3666992,9731.944,17266.66,0,0
57,00:00:02.398,2.3996,2.299004,-1.672004,2.803999,323.9993,-650.4,26.26914,-176.5259,9982.885,17200.75,0,0
57,00:00:02.400,2.4012,2.299004,-1.672004,2.803999,323.9993,-650.4,26.26914,-422.8921,10158.8,17130.3,0,0
57,00:00:02.401,2.4028,2.299004,-1.672004,2.803999,323.9993,-650.4,26.26914,-576.2637,10261.09,17079.22,0,0
57,00:00:02.403,2.4044,2.262009,-1.637001,2.735,359.5905,-721.8462,25.1055,-391.5903,10326.79,17032.22,0,0
57,00:00:02.404,2.406,2.262009,-1.637001,2.735,359.5905,-721.8462,25.1055,-548.1401,10369.2,16918.08,0,0
57,00:00:02.406,2.4076,2.262009,-1.637001,2.735,359.5905,-721.8462,25.1055,-671.5796,10398.79,16824.23,0,0
57,00:00:02.408,2.4092,2.262009,-1.637001,2.735,359.5905,-721.8462,25.1055,-681.9854,10357.67,16772.7,0,0
57,00:00:02.409,2.4108,2.223007,-1.600006,2.66,383.6859,-770.2154,23.17716,-359.6606,10282.64,16759.95,0,0
57,00:00:02.411,2.4124,2.223007,-1.600006,2.66,383.6859,-770.2154,23.17716,-341.8628,10257.59,16752.7,0,0
58,00:00:02.412,2.414,2.223007,-1.600006,2.66,383.6859,-770.2154,23.17716,-342.0308,10246.99,16741.93,0,0
58,00:00:02.414,2.4156,2.203506,-1.580505,2.621,386.1229,-775.1078,22.11304,-249.3855,10208.66,16788.48,0,0
58,00:00:02.416,2.4172,2.184006,-1.561004,2.582,388.56,-780.0001,21.04893,-101.1289,10141.33,16861.63,0,0
58,00:00:02.417,2.4188,2.184006,-1.561004,2.582,388.56,-780.0001,21.04893,12.5498,10077.72,16911.7,0,0
58,00:00:02.419,2.4204,2.184006,-1.561004,2.582,388.56,-780.0001,21.04893,33.47021,10040.09,16894.99,0,0
58,00:00:02.420,2.422,2.164505,-1.541504,2.543,388.56,-780.0002,20.17519,50.14136,10019,16882.81,0,0
58,00:00:02.422,2.4236,2.145004,-1.522003,2.504,388.5599,-780.0003,19.30145,124.7134,9959.352,16889.96,0,0
58,00:00:02.424,2.4252,2.145004,-1.522003,2.504,388.5599,-780.0003,19.30145,194.2173,9888.403,16888.52,0,0
58,00:00:02.425,2.4268,2.145004,-1.522003,2.504,388.5599,-780.0003,19.30145,208.5044,9839.356,16853.76,0,0
58,00:00:02.427,2.4284,2.107002,-1.483001,2.426,388.56,-780.0001,16.67302,171.7207,9812.795,16775.28,0,0
58,00:00:02.428,2.43,2.107002,-1.483001,2.426,388.56,-780.0001,16.67302,161.0264,9751.749,16703.54,0,0
58,00:00:02.430,2.4316,2.107002,-1.483001,2.426,388.56,-780.0001,16.67302,164.165,9689.888,16644.82,0,0
58,00:00:02.432,2.4332,2.107002,-1.483001,2.426,388.56,-780.0001,16.67302,166.2109,9639.442,16596.42,0,0
58,00:00:02.433,2.4348,2.068008,-1.444999,2.348,388.56,-780.0001,15.26149,142.1626,9618.473,16535.87,0,0
58,00:00:02.435,2.4364,2.068008,-1.444999,2.348,388.56,-780.0001,15.26149,137.0347,9599.25,16511.52,0,0
58,00:00:02.436,2.438,2.068008,-1.444999,2.348,388.56,-780.0001,15.26149,187.9409,9570.009,16533.19,0,0
58,00:00:02.438,2.4396,2.048508,-1.425503,2.309,388.56,-780.0001,15.40313,296.6775,9528.186,16592.33,0,0
58,00:00:02.440,2.4412,2.029007,-1.406006,2.27,388.56,-780.0001,15.54478,410.1133,9474.479,16644.29,0,0
58,00:00:02.441,2.4428,2.029007,-1.406006,2.27,388.56,-780.0001,15.54478,417.7344,9474.596,16652.03,0,0
58,00:00:02.443,2.4444,2.029007,-1.406006,2.27,388.56,-780.0001,15.54478,395.6211,9478.673,16634,0,0
58,00:00:02.444,2.446,2.009506,-1.386505,2.231,388.56,-780.0001,16.48989,419.5232,9477.392,16648.85,0,0
58,00:00:02.446,2.4476,1.990005,-1.367004,2.192,388.5599,-780.0001,17.435,466.104,9445.237,16655.51,0,0
58,00:00:02.448,2.4492,1.990005,-1.367004,2.192,388.5599,-780.0001,17.435,484.8149,9421.938,16650.92,0,0
58,00:00:02.449,2.4508,1.990005,-1.367004,2.192,388.5599,-780.0001,17.435,421.1431,9419.724,16585.04,0,0
58,00:00:02.451,2.4524,1.951004,-1.328003,2.114,388.56,-779.9999,19.07343,392.749,9418.559,16539.95,0,0
58,00:00:02.452,2.454,1.951004,-1.328003,2.114,388.56,-779.9999,19.07343,376.8657,9384.309,16489.81,0,0
59,00:00:02.454,2.4556,1.951004,-1.328003,2.114,388.56,-779.9999,19.07343,374.3486,9343.416,16446.4,0,0
59,00:00:02.456,2.4572,1.951004,-1.328003,2.114,388.56,-779.9999,19.07343,283.8008,9346.795,16359.23,0,0
59,00:00:02.457,2.4588,1.912003,-1.289001,2.036,388.56,-780.0001,19.20671,207.0557,9355.998,16276.16,0,0
59,00:00:02.459,2.4604,1.912003,-1.289001,2.036,388.56,-780.0001,19.20671,200.9795,9336.775,16250.86,0,0
59,00:00:02.460,2.462,1.912003,-1.289001,2.036,388.56,-780.0001,19.20671,254.5796,9307.534,16275.22,0,0
59,00:00:02.462,2.4636,1.892506,-1.2695,1.997,388.5601,-780.0001,19.06787,327.5693,9281.555,16314.46,0,0
59,00:00:02.464,2.4652,1.873009,-1.25,1.958,388.5601,-780.0001,18.92903,333.1758,9283.769,16314.52,0,0
59,00:00:02.465,2.4668,1.873009,-1.25,1.958,388.5601,-780.0001,18.92903,330.5854,9272.002,16300.16,0,0
59,00:00:02.467,2.4684,1.873009,-1.25,1.958,388.5601,-780.0001,18.92903,386.6978,9250.217,16334.49,0,0
59,00:00:02.468,2.47,1.854008,-1.230503,1.919,388.5601,-780.0001,18.65263,441.6738,9211.771,16343.45,0,0
59,00:00:02.470,2.4716,1.835007,-1.211006,1.88,388.5601,-780.0001,18.37624,484.98,9199.889,16367.31,0,0
59,00:00:02.472,2.4732,1.835007,-1.211006,1.88,388.5601,-780.0001,18.37624,439.8115,9196.277,16318.53,0,0
59,00:00:02.473,2.4748,1.835007,-1.211006,1.88,388.5601,-780.0001,18.37624,449.3838,9174.491,16306.32,0,0
59,00:00:02.475,2.4764,1.796005,-1.173004,1.802,388.5601,-780.0001,17.41401,470.8687,9153.638,16291.41,0,0
59,00:00:02.476,2.478,1.796005,-1.173004,1.802,388.5601,-780.0001,17.41401,506.8271,9114.494,16288.23,0,0
59,00:00:02.478,2.4796,1.796005,-1.173004,1.802,388.5601,-780.0001,17.41401,443.8594,9099.814,16210.58,0,0
59,00:00:02.480,2.4812,1.796005,-1.173004,1.802,388.5601,-780.0001,17.41401,360.4209,9087.116,16114.45,0,0
59,00:00:02.481,2.4828,1.757004,-1.134002,1.724,388.5599,-780.0001,16.0849,308.9463,9085.02,16045.34,0,0
59,00:00:02.483,2.4844,1.757004,-1.134002,1.724,388.5599,-780.0001,16.0849,305.3174,9066.029,16022.72,0,0
59,00:00:02.484,2.486,1.757004,-1.134002,1.724,388.5599,-780.0001,16.0849,326.2012,9038.769,16016.35,0,0
59,00:00:02.486,2.4876,1.737503,-1.114502,1.685,388.56,-780.0001,15.48945,327.7742,9035.507,16006.89,0,0
59,00:00:02.488,2.4892,1.718002,-1.095001,1.646,388.5601,-780.0001,14.89399,333.8008,9041.332,16010.98,0,0
59,00:00:02.489,2.4908,1.718002,-1.095001,1.646,388.5601,-780.0001,14.89399,355.8159,9038.303,16029.96,0,0
59,00:00:02.491,2.4924,1.718002,-1.095001,1.646,388.5601,-780.0001,14.89399,420.3018,9004.518,16060.66,0,0
59,00:00:02.492,2.494,1.698505,-1.0755,1.607,388.56,-780.0001,14.62459,462.4875,8986.344,16076.91,0,0
59,00:00:02.494,2.4956,1.679008,-1.056,1.568,388.5599,-780.0001,14.35519,440.7651,8983.781,16044.86,0,0
60,00:00:02.496,2.4972,1.679008,-1.056,1.568,388.5599,-780.0001,14.35519,466.7368,8957.336,16044.38,0,0
60,00:00:02.497,2.4988,1.679008,-1.056,1.568,388.5599,-780.0001,14.35519,521.2539,8907.706,16049.27,0,0
60,00:00:02.499,2.5004,1.640007,-1.017006,1.49,388.5598,-780.0001,14.47018,579.9849,8870.31,16055.07,0,0
60,00:00:02.500,2.502,1.640007,-1.017006,1.49,388.5598,-780.0001,14.47018,540.7026,8871.242,16016.72,0,0
60,00:00:02.502,2.5036,1.640007,-1.017006,1.49,388.5598,-780.0001,14.47018,456.1094,8874.154,15935.04,0,0
60,00:00:02.504,2.5052,1.640007,-1.017006,1.49,388.5598,-780.0001,14.47018,402.0659,8863.669,15870.52,0,0
60,00:00:02.505,2.5068,1.601006,-0.9780042,1.412,388.5598,-780.0001,15.4424,378.7554,8844.68,15812.68,0,0
60,00:00:02.507,2.5084,1.601006,-0.9780042,1.412,388.5598,-780.0001,15.4424,353.2393,8832.215,15774.7,0,0
60,00:00:02.508,2.51,1.601006,-0.9780042,1.412,388.5598,-780.0001,15.4424,311.6475,8829.535,15730.43,0,0
60,00:00:02.510,2.5116,1.582005,-0.9585035,1.373,388.5599,-780.0001,15.84353,301.2993,8828.952,15711.93,0,0
60,00:00:02.512,2.5132,1.563004,-0.9390028,1.334,388.5599,-780.0001,16.24466,346.1904,8811.478,15731.78,0,0
60,00:00:02.513,2.5148,1.563004,-0.9390028,1.334,388.5599,-780.0001,16.24466,390.9946,8788.294,15753.4,0,0
60,00:00:02.515,2.5164,1.563004,-0.9390028,1.334,388.5599,-780.0001,16.24466,416.5815,8786.197,15776.89,0,0
60,00:00:02.516,2.518,1.543503,-0.9200017,1.295,388.56,-780.0001,16.36487,394.9275,8805.769,15767.04,0,0
60,00:00:02.518,2.5196,1.524002,-0.9010007,1.256,388.5601,-780.0001,16.48508,401.4873,8802.041,15762.11,0,0
60,00:00:02.520,2.5212,1.524002,-0.9010007,1.256,388.5601,-780.0001,16.48508,434.1021,8771.635,15764.32,0,0
60,00:00:02.521,2.5228,1.524002,-0.9010007,1.256,388.5601,-780.0001,16.48508,510.333,8712.452,15781.37,0,0
60,00:00:02.523,2.5244,1.485008,-0.8619993,1.178,388.5599,-780.0001,16.11084,556.9902,8675.405,15775.45,0,0
60,00:00:02.524,2.526,1.485008,-0.8619993,1.178,388.5599,-780.0001,16.11084,512.3105,8669.114,15724.48,0,0
60,00:00:02.526,2.5276,1.485008,-0.8619993,1.178,388.5599,-780.0001,16.11084,484.312,8652.92,15680.28,0,0
60,00:00:02.528,2.5292,1.485008,-0.8619993,1.178,388.5599,-780.0001,16.11084,479.6631,8616.923,15639.64,0,0
60,00:00:02.529,2.5308,1.446007,-0.8230054,1.1,388.5601,-779.9999,15.50411,484.8081,8572.652,15584.98,0,0
60,00:00:02.531,2.5324,1.446007,-0.8230054,1.1,388.5601,-779.9999,15.50411,411.5522,8565.08,15504.15,0,0
60,00:00:02.532,2.534,1.446007,-0.8230054,1.1,388.5601,-779.9999,15.50411,369.6743,8554.595,15451.79,0,0
60,00:00:02.534,2.5356,1.426506,-0.8035047,1.061,388.56,-780,15.23454,416.2351,8518.014,15454,0,0
60,00:00:02.536,2.5372,1.407005,-0.784004,1.022,388.5599,-780.0001,14.96497,501.5859,8460.229,15473.8,0,0
61,00:00:02.537,2.5388,1.407005,-0.784004,1.022,388.5599,-780.0001,14.96497,536.9419,8428.891,15477.82,0,0
61,00:00:02.539,2.5404,1.407005,-0.784004,1.022,388.5599,-780.0001,14.96497,506.5034,8466.172,15484.66,0,0
61,00:00:02.540,2.542,1.387505,-0.7645032,0.9829998,388.5601,-780.0001,14.79414,522.3948,8457.666,15484.28,0,0
61,00:00:02.542,2.5436,1.368004,-0.7450025,0.9439998,388.5602,-780.0001,14.62332,535.7275,8467.453,15499.63,0,0
61,00:00:02.544,2.5452,1.368004,-0.7450025,0.9439998,388.5602,-780.0001,14.62332,584.5176,8446.6,15527.57,0,0
61,00:00:02.545,2.5468,1.368004,-0.7450025,0.9439998,388.5602,-780.0001,14.62332,560.0444,8455.22,15511.72,0,0
61,00:00:02.547,2.5484,1.329002,-0.706001,0.8659997,388.5601,-780.0001,14.6059,565.1479,8430.405,15476.47,0,0
61,00:00:02.548,2.55,1.329002,-0.706001,0.8659997,388.5601,-780.0001,14.6059,570.688,8407.222,15458.83,0,0
61,00:00:02.550,2.5516,1.329002,-0.706001,0.8659997,388.5601,-780.0001,14.6059,582.3818,8376.117,15439.42,0,0
61,00:00:02.552,2.5532,1.329002,-0.706001,0.8659997,388.5601,-780.0001,14.6059,591.394,8333.711,15406.03,0,0
61,00:00:02.553,2.5548,1.291008,-0.6669996,0.7880001,388.56,-780.0001,14.08285,556.6392,8305.518,15327.95,0,0
61,00:00:02.555,2.5564,1.291008,-0.6669996,0.7880001,388.56,-780.0001,14.08285,485.6055,8304.818,15256.21,0,0
61,00:00:02.556,2.558,1.291008,-0.6669996,0.7880001,388.56,-780.0001,14.08285,469.7466,8272.781,15208.32,0,0
61,00:00:02.558,2.5596,1.271507,-0.6480024,0.7490001,388.56,-780.0001,13.94949,512.6858,8224.434,15195.14,0,0
61,00:00:02.560,2.5612,1.252007,-0.6290052,0.71,388.56,-780.0001,13.81612,559.0867,8184.823,15194.17,0,0
61,00:00:02.561,2.5628,1.252007,-0.6290052,0.71,388.56,-780.0001,13.81612,553.9082,8177.834,15182,0,0
61,00:00:02.563,2.5644,1.252007,-0.6290052,0.71,388.56,-780.0001,13.81612,575.2769,8162.805,15188.34,0,0
61,00:00:02.564,2.566,1.232506,-0.6095045,0.671,388.56,-780.0001,13.95761,624.6838,8146.029,15213.2,0,0
61,00:00:02.566,2.5676,1.213005,-0.5900037,0.632,388.56,-780.0001,14.09911,699.0073,8111.079,15244.81,0,0
61,00:00:02.568,2.5692,1.213005,-0.5900037,0.632,388.56,-780.0001,14.09911,719.8879,8089.294,15243.9,0,0
61,00:00:02.569,2.5708,1.213005,-0.5900037,0.632,388.56,-780.0001,14.09911,713.114,8074.848,15222.69,0,0
61,00:00:02.571,2.5724,1.174004,-0.5510023,0.5539999,388.56,-779.9999,14.9003,767.2578,8033.024,15219.47,0,0
61,00:00:02.572,2.574,1.174004,-0.5510023,0.5539999,388.56,-779.9999,14.9003,835.8115,7971.163,15226.17,0,0
61,00:00:02.574,2.5756,1.174004,-0.5510023,0.5539999,388.56,-779.9999,14.9003,881.0532,7930.854,15231.1,0,0
61,00:00:02.576,2.5772,1.174004,-0.5510023,0.5539999,388.56,-779.9999,14.9003,845.5015,7914.544,15179.24,0,0
61,00:00:02.577,2.5788,1.135002,-0.5120008,0.4759998,388.5599,-780.0001,15.13406,784.5964,7917.456,15105.71,0,0
62,00:00:02.579,2.5804,1.135002,-0.5120008,0.4759998,388.5599,-780.0001,15.13406,756.4463,7890.545,15050.65,0,0
62,00:00:02.580,2.582,1.135002,-0.5120008,0.4759998,388.5599,-780.0001,15.13406,728.4968,7880.992,15013.15,0,0
62,00:00:02.582,2.5836,1.115505,-0.4925001,0.4369998,388.5599,-780.0001,14.94287,712.7476,7872.837,14981.48,0,0
62,00:00:02.584,2.5852,1.096008,-0.4729993,0.3979998,388.5599,-780.0001,14.75168,675.2549,7875.633,14939.02,0,0
62,00:00:02.585,2.5868,1.096008,-0.4729993,0.3979998,388.5599,-780.0001,14.75168,674.5581,7854.197,14916.88,0,0
62,00:00:02.587,2.5884,1.096008,-0.4729993,0.3979998,388.5599,-780.0001,14.75168,727.4968,7809.811,14925.44,0,0
62,00:00:02.588,2.59,1.077007,-0.4535024,0.3589997,388.2841,-779.4462,14.478,813.3389,7778.006,14971.91,0,0
62,00:00:02.590,2.5916,1.058006,-0.4340055,0.3199997,388.0082,-778.8924,14.20431,874.9543,7725.348,14973.3,0,0
62,00:00:02.592,2.5932,1.058006,-0.4340055,0.3199997,388.0082,-778.8924,14.20431,895.9395,7702.165,14971.1,0,0
62,00:00:02.593,2.5948,1.058006,-0.4340055,0.3199997,388.0082,-778.8924,14.20431,977.5642,7629.119,14979.68,0,0
62,00:00:02.595,2.5964,1.023003,-0.3960035,0.243,372.8336,-748.4308,13.61864,1077.276,7565.859,15002.19,0,0
62,00:00:02.596,2.598,1.023003,-0.3960035,0.243,372.8336,-748.4308,13.61864,1155.202,7503.648,15017.9,0,0
62,00:00:02.598,2.5996,1.023003,-0.3960035,0.243,372.8336,-748.4308,13.61864,1187.416,7454.252,15000.72,0,0
62,00:00:02.600,2.6012,1.023003,-0.3960035,0.243,372.8336,-748.4308,13.61864,1185.433,7414.759,14959.25,0,0
62,00:00:02.601,2.6028,0.9910049,-0.3609998,0.1719999,339.5417,-681.5999,13.2018,1244.208,7344.393,14934.91,0,0
62,00:00:02.603,2.6044,0.9910049,-0.3609998,0.1719999,339.5417,-681.5999,13.2018,1246.212,7294.531,14887.05,0,0
62,00:00:02.604,2.606,0.9910049,-0.3609998,0.1719999,339.5417,-681.5999,13.2018,1249.975,7249.678,14845.96,0,0
62,00:00:02.606,2.6076,0.9765053,-0.345001,0.1399999,321.6082,-645.6,13.06837,1182,7243.504,14766.04,0,0
62,00:00:02.608,2.6092,0.9620056,-0.3290021,0.1079998,303.6746,-609.6,12.93494,1192.725,7215.078,14742.56,0,0
62,00:00:02.609,2.6108,0.9620056,-0.3290021,0.1079998,303.6746,-609.6,12.93494,1228.589,7170.575,14733.92,0,0
62,00:00:02.611,2.6124,0.9620056,-0.3290021,0.1079998,303.6746,-609.6,12.93494,1297.865,7126.538,14759.16,0,0
62,00:00:02.612,2.614,0.9495049,-0.3145025,0.07899976,285.7411,-573.6,12.90333,1365.727,7096.597,14792.11,0,0
62,00:00:02.614,2.6156,0.9370041,-0.3000028,0.04999971,267.8075,-537.6,12.87172,1386.468,7078.19,14789.46,0,0
62,00:00:02.616,2.6172,0.9370041,-0.3000028,0.04999971,267.8075,-537.6,12.87172,1442.542,7040.677,14808.02,0,0
62,00:00:02.617,2.6188,0.9370041,-0.3000028,0.04999971,267.8075,-537.6,12.87172,1535.209,6986.389,14846.4,0,0
62,00:00:02.619,2.6204,0.916008,-0.2750013,0,231.9405,-465.6001,12.5713,1629.835,6929.42,14875.7,0,0
63,00:00:02.620,2.622,0.916008,-0.2750013,0,231.9405,-465.6001,12.5713,1661.847,6900.528,14878.82,0,0
63,00:00:02.622,2.6236,0.916008,-0.2750013,0,231.9405,-465.6001,12.5713,1670.453,6869.772,14856.67,0,0
63,00:00:02.624,2.6252,0.916008,-0.2750013,0,231.9405,-465.6001,12.5713,1702.957,6822.356,14841.75,0,0
63,00:00:02.625,2.6268,0.8980026,-0.2540052,-0.04200029,196.0733,-393.6,12.75322,1771.31,6750.359,14830.94,0,0
63,00:00:02.627,2.6284,0.8980026,-0.2540052,-0.04200029,196.0733,-393.6,12.75322,1809.144,6685.003,14803.42,0,0
63,00:00:02.628,2.63,0.8980026,-0.2540052,-0.04200029,196.0733,-393.6,12.75322,1783.716,6633.277,14726.26,0,0
63,00:00:02.630,2.6316,0.8910027,-0.2450025,-0.06000018,178.1397,-357.6,13.08831,1762.126,6601.705,14670.31,0,0
63,00:00:02.632,2.6332,0.8840027,-0.2359998,-0.07800007,160.2062,-321.5999,13.42339,1769.565,6559.532,14632.79,0,0
63,00:00:02.633,2.6348,0.8840027,-0.2359998,-0.07800007,160.2062,-321.5999,13.42339,1791.071,6529.359,14624.13,0,0
63,00:00:02.635,2.6364,0.8840027,-0.2359998,-0.07800007,160.2062,-321.5999,13.42339,1845.117,6500.118,14648.93,0,0
63,00:00:02.636,2.638,0.8790054,-0.2289999,-0.09200001,142.2728,-285.6,13.77872,1868.432,6472.507,14642.64,0,0
63,00:00:02.638,2.6396,0.8740082,-0.2219999,-0.1059999,124.3393,-249.6,14.13405,1929.103,6441.867,14670.69,0,0
63,00:00:02.640,2.6412,0.8740082,-0.2219999,-0.1059999,124.3393,-249.6,14.13405,2020.896,6387.578,14708.19,0,0
63,00:00:02.641,2.6428,0.8740082,-0.2219999,-0.1059999,124.3393,-249.6,14.13405,2145.62,6329.212,14774.55,0,0
63,00:00:02.643,2.6444,0.8670044,-0.2120054,-0.1270003,88.47211,-177.6002,14.24643,2212.618,6278.534,14788.08,0,0
63,00:00:02.644,2.646,0.8670044,-0.2120054,-0.1270003,88.47211,-177.6002,14.24643,2260.466,6242.886,14800.28,0,0
63,00:00:02.646,2.6476,0.8670044,-0.2120054,-0.1270003,88.47211,-177.6002,14.24643,2348.282,6173.102,14818.31,0,0
63,00:00:02.648,2.6492,0.8670044,-0.2120054,-0.1270003,88.47211,-177.6002,14.24643,2457.141,6079.086,14833.15,0,0
63,00:00:02.649,2.6508,0.8630066,-0.2050016,-0.1410003,52.60518,-105.6,13.9026,2552.707,5982.857,14830.9,0,0
63,00:00:02.651,2.6524,0.8630066,-0.2050016,-0.1410003,52.60518,-105.6,13.9026,2586.021,5915.753,14797.11,0,0
63,00:00:02.652,2.654,0.8630066,-0.2050016,-0.1410003,52.60518,-105.6,13.9026,2596.016,5849.814,14741.16,0,0
63,00:00:02.654,2.6556,0.8625069,-0.2030027,-0.1445003,35.63725,-71.53845,13.73654,2635.994,5779.798,14710.93,0,0
63,00:00:02.656,2.6572,0.8620071,-0.2010038,-0.1480002,18.66932,-37.47687,13.57048,2676.509,5708.733,14680.18,0,0
63,00:00:02.657,2.6588,0.8620071,-0.2010038,-0.1480002,18.66932,-37.47687,13.57048,2673.851,5665.745,14634.53,0,0
63,00:00:02.659,2.6604,0.8620071,-0.2010038,-0.1480002,18.66932,-37.47687,13.57048,2635.606,5643.493,14574.03,0,0
63,00:00:02.660,2.662,0.8600044,-0.2005041,-0.1485002,14.96103,-19.33128,13.47232,2638.588,5632.309,14565.04,0,0
64,00:00:02.662,2.6636,0.8580017,-0.2000043,-0.1490002,11.25275,-1.185688,13.37415,2658.641,5592.699,14544.68,0,0
64,00:00:02.664,2.6652,0.8580017,-0.2000043,-0.1490002,11.25275,-1.185688,13.37415,2728.308,5554.138,14575.79,0,0
64,00:00:02.665,2.6668,0.8580017,-0.2000043,-0.1490002,11.25275,-1.185688,13.37415,2753.105,5508.12,14554.57,0,0
64,00:00:02.667,2.6684,0.8450089,-0.1959989,-0.1490002,75.34319,12.84822,13.55729,2765.783,5477.597,14531.54,0,0
64,00:00:02.668,2.67,0.8450089,-0.1959989,-0.1490002,75.34319,12.84822,13.55729,2779.839,5417.017,14485.02,0,0
64,00:00:02.670,2.6716,0.8450089,-0.1959989,-0.1490002,75.34319,12.84822,13.55729,2841.285,5332.438,14461.89,0,0
64,00:00:02.672,2.6732,0.8450089,-0.1959989,-0.1490002,75.34319,12.84822,13.55729,2881.76,5240.403,14410.33,0,0
64,00:00:02.673,2.6748,0.8210068,-0.183006,-0.1480002,180.9873,30.86372,13.30303,2880.251,5151.63,14310.49,0,0
64,00:00:02.675,2.6764,0.8210068,-0.183006,-0.1480002,180.9873,30.86372,13.30303,2842.479,5063.905,14184.99,0,0
64,00:00:02.676,2.678,0.8210068,-0.183006,-0.1480002,180.9873,30.86372,13.30303,2824.191,4961.618,14064.42,0,0
64,00:00:02.678,2.6796,0.8040047,-0.171005,-0.1455002,234.2189,39.94131,12.68104,2792.059,4856.419,13920.31,0,0
64,00:00:02.680,2.6812,0.7870026,-0.159004,-0.1430001,287.4506,49.01889,12.05905,2765.016,4762.403,13792.48,0,0
64,00:00:02.681,2.6828,0.7870026,-0.159004,-0.1430001,287.4506,49.01889,12.05905,2663.339,4687.028,13615.43,0,0
64,00:00:02.683,2.6844,0.7870026,-0.159004,-0.1430001,287.4506,49.01889,12.05905,2602.85,4608.856,13476.77,0,0
64,00:00:02.684,2.686,0.7645035,-0.1420019,-0.1405001,340.6821,58.09645,11.30191,2551.436,4529.17,13336.71,0,0
64,00:00:02.686,2.6876,0.7420044,-0.1249998,-0.138,393.9136,67.17401,10.54477,2545.172,4442.728,13235.04,0,0
64,00:00:02.688,2.6892,0.7420044,-0.1249998,-0.138,393.9136,67.17401,10.54477,2503.067,4359.663,13109.87,0,0
64,00:00:02.689,2.6908,0.7420044,-0.1249998,-0.138,393.9136,67.17401,10.54477,2461.668,4277.764,12986.57,0,0
64,00:00:02.691,2.6924,0.6860046,-0.08000159,-0.1300001,500.3765,85.32906,9.812934,2454.476,4178.972,12858.29,0,0
64,00:00:02.692,2.694,0.6860046,-0.08000159,-0.1300001,500.3765,85.32906,9.812934,2449.095,4062.355,12736.29,0,0
64,00:00:02.694,2.6956,0.6860046,-0.08000159,-0.1300001,500.3765,85.32906,9.812934,2427.851,3935.836,12588.53,0,0
64,00:00:02.696,2.6972,0.6860046,-0.08000159,-0.1300001,500.3765,85.32906,9.812934,2387.792,3807.336,12419.97,0,0
64,00:00:02.697,2.6988,0.6200027,-0.02400184,-0.1199999,606.8396,103.4843,8.98013,2340.433,3681.75,12220.74,0,0
64,00:00:02.699,2.7004,0.6200027,-0.02400184,-0.1199999,606.8396,103.4843,8.98013,2295.137,3519.698,12013.39,0,0
64,00:00:02.700,2.702,0.6200027,-0.02400184,-0.1199999,606.8396,103.4843,8.98013,2242.544,3360.908,11802.01,0,0
64,00:00:02.702,2.7036,0.5815048,0.008999109,-0.1145,660.0712,112.5618,9.183777,2180.806,3190.003,11554.03,0,0
65,00:00:02.704,2.7052,0.5430069,0.04200006,-0.1090002,713.3027,121.6394,9.387423,2101.119,3040.184,11309.19,0,0
65,00:00:02.705,2.7068,0.5430069,0.04200006,-0.1090002,713.3027,121.6394,9.387423,1995.267,2891.763,11054.92,0,0
65,00:00:02.707,2.7084,0.5430069,0.04200006,-0.1090002,713.3027,121.6394,9.387423,1863.478,2751.614,10782.98,0,0
65,00:00:02.708,2.71,0.4990044,0.08049798,-0.1025002,766.5343,130.7169,9.305406,1776.342,2618.221,10544.93,0,0
65,00:00:02.710,2.7116,0.4550018,0.1189959,-0.09600019,819.7658,139.7945,9.223389,1684.09,2488.556,10305.49,0,0
65,00:00:02.712,2.7132,0.4550018,0.1189959,-0.09600019,819.7658,139.7945,9.223389,1576.606,2361.571,10071.02,0,0
65,00:00:02.713,2.7148,0.4550018,0.1189959,-0.09600019,819.7658,139.7945,9.223389,1464.965,2237.849,9835.656,0,0
65,00:00:02.715,2.7164,0.3570023,0.207001,-0.08100033,926.2291,157.9497,9.724344,1409.192,2102.708,9605.713,0,0
65,00:00:02.716,2.718,0.3570023,0.207001,-0.08100033,926.2291,157.9497,9.724344,1315.13,1947.88,9356.822,0,0
65,00:00:02.718,2.7196,0.3570023,0.207001,-0.08100033,926.2291,157.9497,9.724344,1235.232,1792.818,9121.863,0,0
65,00:00:02.720,2.7212,0.3570023,0.207001,-0.08100033,926.2291,157.9497,9.724344,1169.056,1610.496,8873.364,0,0
65,00:00:02.721,2.7228,0.2480087,0.3050005,-0.06400013,1032.692,176.1048,10.67291,1110.813,1446.464,8607.682,0,0
65,00:00:02.723,2.7244,0.2480087,0.3050005,-0.06400013,1032.692,176.1048,10.67291,977.107,1280.685,8308.196,0,0
65,00:00:02.724,2.726,0.2480087,0.3050005,-0.06400013,1032.692,176.1048,10.67291,870.0465,1102.206,8022.658,0,0
65,00:00:02.726,2.7276,0.1880074,0.3594973,-0.05500007,1085.924,185.1823,10.76334,795.5547,906.0205,7728.084,0,0
65,00:00:02.728,2.7292,0.128006,0.4139941,-0.046,1139.155,194.2599,10.85378,725.5955,713.446,7441.654,0,0
65,00:00:02.729,2.7308,0.128006,0.4139941,-0.046,1139.155,194.2599,10.85378,600.9897,548.948,7152.551,0,0
65,00:00:02.731,2.7324,0.128006,0.4139941,-0.046,1139.155,194.2599,10.85378,462.6956,420.332,6885.641,0,0
65,00:00:02.732,2.734,0.06300735,0.4739954,-0.03550005,1192.387,203.3375,10.25773,341.9833,314.8995,6633.609,0,0
65,00:00:02.734,2.7356,-0.001991272,0.5339968,-0.0250001,1245.618,212.4151,9.661686,313.5928,215.1755,6479.608,0,0
65,00:00:02.736,2.7372,-0.001991272,0.5339968,-0.0250001,1245.618,212.4151,9.661686,274.6686,99.6075,6325.116,0,0
65,00:00:02.737,2.7388,-0.001991272,0.5339968,-0.0250001,1245.618,212.4151,9.661686,299.6859,-35.183,6215.343,0,0
65,00:00:02.739,2.7404,-0.1429977,0.6639941,-0.003000259,1352.081,230.5702,7.234488,408.3703,-161.3525,6141.701,0,0
65,00:00:02.740,2.742,-0.1429977,0.6639941,-0.003000259,1352.081,230.5702,7.234488,474.5868,-254.203,6115.067,0,0
65,00:00:02.742,2.7436,-0.1429977,0.6639941,-0.003000259,1352.081,230.5702,7.234488,571.3684,-331.093,6134.958,0,0
65,00:00:02.744,2.7452,-0.1429977,0.6639941,-0.003000259,1352.081,230.5702,7.234488,681.2639,-413.4585,6162.488,0,0
66,00:00:02.745,2.7468,-0.2939911,0.8050005,0.02099991,1458.545,248.7254,4.141686,829.9789,-507.008,6157.52,0,0
66,00:00:02.747,2.7484,-0.2939911,0.8050005,0.02099991,1458.545,248.7254,4.141686,925.998,-641.915,6118.632,0,0
66,00:00:02.748,2.75,-0.2939911,0.8050005,0.02099991,1458.545,248.7254,4.141686,1093.549,-789.637,6138.46,0,0
66,00:00:02.750,2.7516,-0.3754921,0.8804972,0.03399992,1511.776,257.803,3.195922,1252.716,-952.504,6102.302,0,0
66,00:00:02.752,2.7532,-0.4569931,0.9559939,0.04699993,1565.008,266.8805,2.250159,1462.915,-1118.051,6114.496,0,0
66,00:00:02.753,2.7548,-0.4569931,0.9559939,0.04699993,1565.008,266.8805,2.250159,1596.791,-1275.442,6090.98,0,0
66,00:00:02.755,2.7564,-0.4569931,0.9559939,0.04699993,1565.008,266.8805,2.250159,1777.943,-1453.92,6093.654,0,0
66,00:00:02.756,2.758,-0.5429955,1.037495,0.06049991,1618.239,275.9579,2.014118,1114.5,-1595.468,6068.865,0,0
66,00:00:02.758,2.7596,-0.6289978,1.118996,0.07399988,1671.471,285.0354,1.778077,395.3228,-1750.995,6096.452,0,0
66,00:00:02.760,2.7612,-0.6289978,1.118996,0.07399988,1671.471,285.0354,1.778077,376.4258,-1857.243,6077.555,0,0
66,00:00:02.761,2.7628,-0.6289978,1.118996,0.07399988,1671.471,285.0354,1.778077,387.7815,-1959.297,6088.911,0,0
66,00:00:02.763,2.7644,-0.8129959,1.291001,0.1040001,1777.934,303.1909,2.346773,452.9368,-2026.75,6080.787,0,0
66,00:00:02.764,2.766,-0.8129959,1.291001,0.1040001,1777.934,303.1909,2.346773,437.5957,-2055.177,6065.446,0,0
66,00:00:02.766,2.7676,-0.8129959,1.291001,0.1040001,1777.934,303.1909,2.346773,475.062,-2070.088,6102.913,0,0
66,00:00:02.768,2.7692,-0.8129959,1.291001,0.1040001,1777.934,303.1909,2.346773,467.8179,-2072.884,6095.668,0,0
66,00:00:02.769,2.7708,-1.006996,1.474999,0.1349998,1884.397,321.3459,3.77635,513.0078,-2061.7,6063.596,0,0
66,00:00:02.771,2.7724,-1.006996,1.474999,0.1349998,1884.397,321.3459,3.77635,518.4211,-2061.7,6069.01,0,0
66,00:00:02.772,2.774,-1.006996,1.474999,0.1349998,1884.397,321.3459,3.77635,513.8982,-2051.682,6064.486,0,0
66,00:00:02.774,2.7756,-1.109497,1.571999,0.1514997,1937.628,330.4234,4.345434,529.822,-2046.555,6039.588,0,0
66,00:00:02.776,2.7772,-1.211998,1.668999,0.1679997,1990.86,339.5009,4.914518,557.969,-2039.099,6026.913,0,0
66,00:00:02.777,2.7788,-1.211998,1.668999,0.1679997,1990.86,339.5009,4.914518,538.0632,-2035.721,6007.008,0,0
66,00:00:02.779,2.7804,-1.211998,1.668999,0.1679997,1990.86,339.5009,4.914518,545.2808,-2032.226,6014.225,0,0
66,00:00:02.780,2.782,-1.319496,1.7715,0.1854999,2044.091,348.5785,5.157351,556.9492,-2034.556,5983.082,0,0
66,00:00:02.782,2.7836,-1.426994,1.874001,0.2030001,2097.323,357.656,5.400185,612.8716,-2033.042,5996.192,0,0
66,00:00:02.784,2.7852,-1.426994,1.874001,0.2030001,2097.323,357.656,5.400185,596.656,-2029.43,5979.977,0,0
66,00:00:02.785,2.7868,-1.426994,1.874001,0.2030001,2097.323,357.656,5.400185,593.0637,-2033.391,5976.384,0,0
67,00:00:02.787,2.7884,-1.652992,2.088997,0.2399998,2203.786,375.8112,6.102133,669.0928,-2038.983,5962.407,0,0
67,00:00:02.788,2.79,-1.652992,2.088997,0.2399998,2203.786,375.8112,6.102133,681.262,-2044.109,5974.576,0,0
67,00:00:02.790,2.7916,-1.652992,2.088997,0.2399998,2203.786,375.8112,6.102133,671.772,-2051.798,5965.086,0,0
67,00:00:02.792,2.7932,-1.652992,2.088997,0.2399998,2203.786,375.8112,6.102133,661.8174,-2043.293,5955.132,0,0
67,00:00:02.793,2.7948,-1.889992,2.314995,0.2779999,2310.25,393.9665,5.759989,752.5916,-2042.128,5951.519,0,0
67,00:00:02.795,2.7964,-1.889992,2.314995,0.2779999,2310.25,393.9665,5.759989,763.9048,-2050.4,5962.832,0,0
67,00:00:02.796,2.798,-1.889992,2.314995,0.2779999,2310.25,393.9665,5.759989,747.2141,-2075.448,5946.142,0,0
67,00:00:02.798,2.7996,-2.013493,2.433495,0.2984998,2363.481,403.044,5.000024,808.1577,-2078.244,5957.9,0,0
67,00:00:02.800,2.8012,-2.136993,2.551995,0.3189998,2416.712,412.1215,4.240059,829.7717,-2084.418,5930.329,0,0
67,00:00:02.801,2.8028,-2.136993,2.551995,0.3189998,2416.712,412.1215,4.240059,816.6445,-2092.457,5917.202,0,0
67,00:00:02.803,2.8044,-2.136993,2.551995,0.3189998,2416.712,412.1215,4.240059,798.5713,-2099.913,5899.128,0,0
67,00:00:02.804,2.806,-2.265995,2.675495,0.3399999,2469.944,421.1991,3.41892,867.0771,-2110.397,5916.258,0,0
67,00:00:02.806,2.8076,-2.394997,2.798996,0.3610001,2523.176,430.2767,2.597781,892.2422,-2117.504,5890.047,0,0
67,00:00:02.808,2.8092,-2.394997,2.798996,0.3610001,2523.176,430.2767,2.597781,900.7739,-2128.804,5898.579,0,0
67,00:00:02.809,2.8108,-2.394997,2.798996,0.3610001,2523.176,430.2767,2.597781,870.0728,-2126.94,5867.877,0,0
67,00:00:02.811,2.8124,-2.663994,3.056999,0.4049997,2629.638,448.4319,1.231612,992.9961,-2151.522,5883.67,0,0
67,00:00:02.812,2.814,-2.663994,3.056999,0.4049997,2629.638,448.4319,1.231612,961.4087,-2166.084,5852.083,0,0
67,00:00:02.814,2.8156,-2.663994,3.056999,0.4049997,2629.638,448.4319,1.231612,962.3643,-2183.559,5853.039,0,0
67,00:00:02.816,2.8172,-2.663994,3.056999,0.4049997,2629.638,448.4319,1.231612,935.2952,-2198.471,5825.97,0,0
67,00:00:02.817,2.8188,-2.942993,3.325997,0.4509997,2736.102,466.5871,0.6782978,1023.419,-2217.577,5802.979,0,0
67,00:00:02.819,2.8204,-2.942993,3.325997,0.4509997,2736.102,466.5871,0.6782978,1022.007,-2230.509,5801.567,0,0
67,00:00:02.820,2.822,-2.942993,3.325997,0.4509997,2736.102,466.5871,0.6782978,1016.131,-2242.392,5795.691,0,0
67,00:00:02.822,2.8236,-3.087494,3.465496,0.4744997,2789.333,475.6646,0.7757006,1069.118,-2264.76,5791.129,0,0
67,00:00:02.824,2.8252,-3.231995,3.604996,0.4979997,2842.564,484.7422,0.8731034,1128.916,-2273.498,5793.378,0,0
67,00:00:02.825,2.8268,-3.231995,3.604996,0.4979997,2842.564,484.7422,0.8731034,1136.587,-2282.468,5801.05,0,0
67,00:00:02.827,2.8284,-3.231995,3.604996,0.4979997,2842.564,484.7422,0.8731034,1127.55,-2280.837,5792.013,0,0
68,00:00:02.828,2.83,-3.379494,3.749497,0.5229998,2885.878,492.1282,1.301008,1171.853,-2277.226,5777.573,0,0
68,00:00:02.830,2.8316,-3.526993,3.893997,0.5479999,2929.191,499.5143,1.728913,1236.449,-2283.4,5783.427,0,0
68,00:00:02.832,2.8332,-3.526993,3.893997,0.5479999,2929.191,499.5143,1.728913,1240.51,-2286.313,5787.487,0,0
68,00:00:02.833,2.8348,-3.526993,3.893997,0.5479999,2929.191,499.5143,1.728913,1243.164,-2280.721,5790.142,0,0
68,00:00:02.835,2.8364,-3.822998,4.188995,0.598,2957.035,504.2626,2.434947,1359.653,-2285.963,5788.744,0,0
68,00:00:02.836,2.838,-3.822998,4.188995,0.598,2957.035,504.2626,2.434947,1358.703,-2288.06,5787.794,0,0
68,00:00:02.838,2.8396,-3.822998,4.188995,0.598,2957.035,504.2626,2.434947,1358.23,-2287.594,5787.32,0,0
68,00:00:02.840,2.8412,-3.822998,4.188995,0.598,2957.035,504.2626,2.434947,1341.553,-2277.925,5770.644,0,0
68,00:00:02.841,2.8428,-4.118996,4.485001,0.6489997,2957.309,504.3092,3.713231,0,-2280.138,5775.212,0,0
68,00:00:02.843,2.8444,-4.118996,4.485001,0.6489997,2957.309,504.3092,3.713231,0,-2271.634,5754.496,0,0
68,00:00:02.844,2.846,-4.118996,4.485001,0.6489997,2957.309,504.3092,3.713231,0,-2278.041,5726.547,0,0
68,00:00:02.846,2.8476,-4.266994,4.632999,0.6739998,2957.309,504.3092,3.757104,0,-2271.75,5733.339,0,0
68,00:00:02.848,2.8492,-4.414993,4.780998,0.6989999,2957.308,504.3092,3.800978,0,-2275.594,5725.626,0,0
68,00:00:02.849,2.8508,-4.414993,4.780998,0.6989999,2957.308,504.3092,3.800978,0,-2277.226,5709.76,0,0
68,00:00:02.851,2.8524,-4.414993,4.780998,0.6989999,2957.308,504.3092,3.800978,0,-2280.837,5715.584,0,0
68,00:00:02.852,2.854,-4.562492,4.928997,0.724,2957.309,504.3092,3.893669,0,-2290.041,5723.69,0,0
68,00:00:02.854,2.8556,-4.709991,5.076996,0.7490001,2957.309,504.3092,3.98636,0,-2295.283,5714.204,0,0
68,00:00:02.856,2.8572,-4.709991,5.076996,0.7490001,2957.309,504.3092,3.98636,0,-2290.157,5716.051,0,0
68,00:00:02.857,2.8588,-4.709991,5.076996,0.7490001,2957.309,504.3092,3.98636,0,-2295.399,5706.607,0,0
68,00:00:02.859,2.8604,-5.005997,5.371994,0.7999997,2957.308,504.3092,3.044191,0,-2292.953,5711.135,0,0
68,00:00:02.860,2.862,-5.005997,5.371994,0.7999997,2957.308,504.3092,3.044191,0,-2302.156,5720.126,0,0
68,00:00:02.862,2.8636,-5.005997,5.371994,0.7999997,2957.308,504.3092,3.044191,0,-2306.583,5730.006,0,0
68,00:00:02.864,2.8652,-5.005997,5.371994,0.7999997,2957.308,504.3092,3.044191,0,-2309.962,5722.244,0,0
68,00:00:02.865,2.8668,-5.301994,5.667999,0.8499999,2957.308,504.3092,1.371368,0,-2318.816,5722.189,0,0
68,00:00:02.867,2.8684,-5.301994,5.667999,0.8499999,2957.308,504.3092,1.371368,0,-2316.952,5733.947,0,0
68,00:00:02.868,2.87,-5.301994,5.667999,0.8499999,2957.308,504.3092,1.371368,0,-2316.02,5729.926,0,0
69,00:00:02.870,2.8716,-5.449493,5.815998,0.8755,2957.308,504.3092,0.8189198,0,-2325.457,5720.063,0,0
69,00:00:02.872,2.8732,-5.596992,5.963997,0.901,2957.308,504.3093,0.2664712,0,-2327.204,5706.096,0,0
69,00:00:02.873,2.8748,-5.596992,5.963997,0.901,2957.308,504.3093,0.2664712,0,-2325.573,5706.085,0,0
69,00:00:02.875,2.8764,-5.596992,5.963997,0.901,2957.308,504.3093,0.2664712,0,-2327.204,5714.642,0,0
69,00:00:02.876,2.878,-5.744995,6.111496,0.9259999,2957.308,504.3093,-0.2722599,0,-2338.388,5696.044,0,0
69,00:00:02.878,2.8796,-5.892998,6.258995,0.9509997,2957.308,504.3093,-0.8109909,0,-2340.718,5678.368,0,0
69,00:00:02.880,2.8812,-5.892998,6.258995,0.9509997,2957.308,504.3093,-0.8109909,0,-2343.63,5687.841,0,0
69,00:00:02.881,2.8828,-5.892998,6.258995,0.9509997,2957.308,504.3093,-0.8109909,0,-2350.154,5675.672,0,0
69,00:00:02.883,2.8844,-6.188995,6.555,1.002,2957.309,504.3093,-1.837602,0,-2353.417,5676.652,0,0
69,00:00:02.884,2.886,-6.188995,6.555,1.002,2957.309,504.3093,-1.837602,0,-2358.426,5660.009,0,0
69,00:00:02.886,2.8876,-6.188995,6.555,1.002,2957.309,504.3093,-1.837602,0,-2363.086,5652.811,0,0
69,00:00:02.888,2.8892,-6.188995,6.555,1.002,2957.309,504.3093,-1.837602,0,-2362.387,5657.323,0,0
69,00:00:02.889,2.8908,-6.484993,6.850998,1.052,2957.308,504.3093,-2.154016,0,-2359.591,5666.733,0,0
69,00:00:02.891,2.8924,-6.484993,6.850998,1.052,2957.308,504.3093,-2.154016,0,-2361.105,5642.694,0,0
69,00:00:02.892,2.894,-6.484993,6.850998,1.052,2957.308,504.3093,-2.154016,0,-2359.591,5663.867,0,0
69,00:00:02.894,2.8956,-6.632492,6.998997,1.077,2957.308,504.3092,-2.093265,0,-2360.639,5648.062,0,0
69,00:00:02.896,2.8972,-6.779991,7.146996,1.102,2957.308,504.3091,-2.032514,0,-2356.562,5650.367,0,0
69,00:00:02.897,2.8988,-6.779991,7.146996,1.102,2957.308,504.3091,-2.032514,0,-2359.009,5638.702,0,0
69,00:00:02.899,2.9004,-6.779991,7.146996,1.102,2957.308,504.3091,-2.032514,0,-2360.406,5631.536,0,0
69,00:00:02.900,2.902,-6.927994,7.294495,1.1275,2957.309,504.3093,-1.921795,0,-2361.222,5648.732,0,0
69,00:00:02.902,2.9036,-7.075996,7.441994,1.153,2957.309,504.3094,-1.811077,0,-2364.6,5622.97,0,0
69,00:00:02.904,2.9052,-7.075996,7.441994,1.153,2957.309,504.3094,-1.811077,0,-2385.57,5625.608,0,0
69,00:00:02.905,2.9068,-7.075996,7.441994,1.153,2957.309,504.3094,-1.811077,0,-2391.046,5643.174,0,0
69,00:00:02.907,2.9084,-7.371994,7.737999,1.203,2957.308,504.3091,-1.214661,0,-2399.667,5634.557,0,0
69,00:00:02.908,2.91,-7.371994,7.737999,1.203,2957.308,504.3091,-1.214661,0,-2412.715,5627.774,0,0
69,00:00:02.910,2.9116,-7.371994,7.737999,1.203,2957.308,504.3091,-1.214661,0,-2421.686,5618.343,0,0
70,00:00:02.912,2.9132,-7.371994,7.737999,1.203,2957.308,504.3091,-1.214661,0,-2423.782,5597.141,0,0
70,00:00:02.913,2.9148,-7.667992,8.033997,1.254,2957.309,504.3094,-0.7761162,0,-2443.238,5575.96,0,0
70,00:00:02.915,2.9164,-7.667992,8.033997,1.254,2957.309,504.3094,-0.7761162,0,-2454.189,5569.648,0,0
70,00:00:02.916,2.918,-7.667992,8.033997,1.254,2957.309,504.3094,-0.7761162,0,-2463.276,5551.059,0,0
70,00:00:02.918,2.9196,-7.815495,8.181995,1.279,2957.309,504.3092,-0.7835919,0,-2468.169,5542.86,0,0
70,00:00:02.920,2.9212,-7.962997,8.329994,1.304,2957.308,504.3091,-0.7910677,0,-2474.227,5559.95,0,0
70,00:00:02.921,2.9228,-7.962997,8.329994,1.304,2957.308,504.3091,-0.7910677,0,-2488.673,5535.087,0,0
70,00:00:02.923,2.9244,-7.962997,8.329994,1.304,2957.308,504.3091,-0.7910677,0,-2500.323,5516.156,0,0
70,00:00:02.924,2.926,-8.110996,8.477497,1.3295,2957.309,504.3092,-0.8615101,0,-2506.963,5502.691,0,0
70,00:00:02.926,2.9276,-8.258995,8.625,1.355,2957.309,504.3094,-0.9319525,0,-2518.264,5501.434,0,0
70,00:00:02.928,2.9292,-8.258995,8.625,1.355,2957.309,504.3094,-0.9319525,0,-2531.195,5506.924,0,0
70,00:00:02.929,2.9308,-8.258995,8.625,1.355,2957.309,504.3094,-0.9319525,0,-2536.554,5480.261,0,0
70,00:00:02.931,2.9324,-8.554993,8.920998,1.405,2957.308,504.3091,-1.189452,0,-2545.525,5473.401,0,0
70,00:00:02.932,2.934,-8.554993,8.920998,1.405,2957.308,504.3091,-1.189452,0,-2551.117,5497.263,0,0
70,00:00:02.934,2.9356,-8.554993,8.920998,1.405,2957.308,504.3091,-1.189452,0,-2560.787,5488.625,0,0
70,00:00:02.936,2.9372,-8.554993,8.920998,1.405,2957.308,504.3091,-1.189452,0,-2563.233,5479.594,0,0
70,00:00:02.937,2.9388,-8.849998,9.216995,1.455,2957.308,504.3094,-1.662388,0,-2569.874,5485.535,0,0
70,00:00:02.939,2.9404,-8.849998,9.216995,1.455,2957.308,504.3094,-1.662388,0,-2580.591,5470.709,0,0
70,00:00:02.940,2.942,-8.849998,9.216995,1.455,2957.308,504.3094,-1.662388,0,-2586.3,5474.395,0,0
70,00:00:02.942,2.9436,-8.997997,9.364498,1.4805,2957.308,504.3091,-1.790226,0,-2591.892,5466.284,0,0
70,00:00:02.944,2.9452,-9.145996,9.512001,1.506,2957.308,504.309,-1.918063,0,-2602.144,5466.233,0,0
70,00:00:02.945,2.9468,-9.145996,9.512001,1.506,2957.308,504.309,-1.918063,0,-2604.474,5461.228,0,0
70,00:00:02.947,2.9484,-9.145996,9.512001,1.506,2957.308,504.309,-1.918063,0,-2609.134,5480.145,0,0
70,00:00:02.948,2.95,-9.293995,9.66,1.531,2957.309,504.3091,-1.922513,0,-2617.289,5476.978,0,0
70,00:00:02.950,2.9516,-9.441994,9.807999,1.556,2957.309,504.3092,-1.926963,0,-2636.861,5461.207,0,0
70,00:00:02.952,2.9532,-9.441994,9.807999,1.556,2957.309,504.3092,-1.926963,0,-2642.686,5445.904,0,0
71,00:00:02.953,2.9548,-9.441994,9.807999,1.556,2957.309,504.3092,-1.926963,0,-2652.588,5446.446,0,0
71,00:00:02.955,2.9564,-9.737991,10.104,1.607,2957.309,504.3094,-1.72643,0,-2669.714,5432.482,0,0
71,00:00:02.956,2.958,-9.737991,10.104,1.607,2957.309,504.3094,-1.72643,0,-2684.043,5402.219,0,0
71,00:00:02.958,2.9596,-9.737991,10.104,1.607,2957.309,504.3094,-1.72643,0,-2696.858,5409.853,0,0
71,00:00:02.960,2.9612,-9.737991,10.104,1.607,2957.309,504.3094,-1.72643,0,-2710.373,5412.032,0,0
71,00:00:02.961,2.9628,-10.033,10.39999,1.657,2957.309,504.3092,-0.6826282,0,-2711.538,5360.004,0,0
71,00:00:02.963,2.9644,-10.033,10.39999,1.657,2957.309,504.3092,-0.6826282,0,-2638.492,5097.999,0,0
71,00:00:02.964,2.966,-10.033,10.39999,1.657,2957.309,504.3092,-0.6826282,0,-2767.69,4323.323,0,0
71,00:00:02.966,2.9676,-10.181,10.5475,1.6825,2957.309,504.3092,0.03430438,0,-2727.964,3777.683,0,0
71,00:00:02.968,2.9692,-10.32899,10.695,1.708,2957.309,504.3092,0.751237,0,-2802.291,3086.945,0,0
71,00:00:02.969,2.9708,-10.32899,10.695,1.708,2957.309,504.3092,0.751237,0,-2800.194,2457.131,0,0
71,00:00:02.971,2.9724,-10.32899,10.695,1.708,2957.309,504.3092,0.751237,0,-2831.066,1820.13,0,0
71,00:00:02.972,2.974,-10.47699,10.843,1.733,2957.309,504.3092,1.640974,0,-2828.62,1290.211,0,0
71,00:00:02.974,2.9756,-10.977,10.991,1.758,2957.309,504.3092,2.530711,0,-2821.164,851.983,0,0
71,00:00:02.976,2.9772,-10.977,10.991,1.758,2957.309,504.3092,2.530711,0,-2850.638,536.754,0,0
71,00:00:02.977,2.9788,-10.977,10.991,1.758,2957.309,504.3092,2.530711,0,-2815.572,536.757,0,0
71,00:00:02.979,2.9804,-10.977,11.28699,1.808,2957.309,504.3093,3.403047,0,-2862.521,545.782,0,0
71,00:00:02.980,2.982,-10.977,11.28699,1.808,2957.309,504.3093,3.403047,0,-2889.316,485.2425,0,0
71,00:00:02.982,2.9836,-10.977,11.28699,1.808,2957.309,504.3093,3.403047,0,-2957.12,-117.195,0,0
71,00:00:02.984,2.9852,-10.977,11.28699,1.808,2957.309,504.3093,3.403047,0,-3078.629,-711.239,0,0
71,00:00:02.985,2.9868,-10.977,11.583,1.859,2957.309,504.3091,3.309469,0,-2973.546,-438.1875,0,0
71,00:00:02.987,2.9884,-10.977,11.583,1.859,2957.309,504.3091,3.309469,0,-2924.965,222.2475,0,0
71,00:00:02.988,2.99,-10.977,11.583,1.859,2957.309,504.3091,3.309469,0,-2935.683,238.876,0,0
71,00:00:02.990,2.9916,-10.977,11.7305,1.884,2957.309,504.3092,2.873773,0,-3082.357,-192.651,0,0
71,00:00:02.992,2.9932,-10.977,11.878,1.909,2957.308,504.3092,2.438077,0,-3075.018,-459.0545,0,0
71,00:00:02.993,2.9948,-10.977,11.878,1.909,2957.308,504.3092,2.438077,0,-3065.464,-295.7745,0,0
72,00:00:02.995,2.9964,-10.977,11.878,1.909,2957.308,504.3092,2.438077,0,-3000.458,-71.9005,0,0
72,00:00:02.996,2.998,-10.977,12.026,1.9345,2957.309,504.3092,1.824438,0,-3049.97,-72.001,0,0
72,00:00:02.998,2.9996,-10.977,12.174,1.96,2957.309,504.3091,1.210799,0,-3113.346,-185.866,0,0
72,00:00:03.000,3.0012,-10.977,12.174,1.96,2957.309,504.3091,1.210799,0,-3128.025,-245.3255,0,0
72,00:00:03.001,3.0028,-10.977,12.174,1.96,2957.309,504.3091,1.210799,0,-3145.733,-305.8045,0,0
72,00:00:03.003,3.0044,-10.977,12.46999,2.01,2957.309,504.3092,0.196537,0,-3148.995,-225.8605,0,0
72,00:00:03.004,3.006,-10.977,12.46999,2.01,2957.309,504.3092,0.196537,0,-3137.461,-75.4525,0,0
72,00:00:03.006,3.0076,-10.977,12.46999,2.01,2957.309,504.3092,0.196537,0,-3159.83,-73.6425,0,0
72,00:00:03.008,3.0092,-10.977,12.46999,2.01,2957.309,504.3092,0.196537,0,-3185.576,-153.6335,0,0
72,00:00:03.009,3.0108,-10.977,12.766,2.061,2957.308,504.3094,-0.2127724,0,-3240.447,-275.659,0,0
72,00:00:03.011,3.0124,-10.977,12.766,2.061,2957.308,504.3094,-0.2127724,0,-3254.311,-205.6725,0,0
72,00:00:03.012,3.014,-10.977,12.766,2.061,2957.308,504.3094,-0.2127724,0,-3256.524,-97.2215,0,0
72,00:00:03.014,3.0156,-10.977,12.9135,2.086,2957.309,504.3093,-0.1877296,0,-3265.495,20.677,0,0
72,00:00:03.016,3.0172,-10.977,13.061,2.111,2957.309,504.3091,-0.1626867,0,-3283.785,45.104,0,0
72,00:00:03.017,3.0188,-10.977,13.061,2.111,2957.309,504.3091,-0.1626867,0,-3334.813,-91.32249,0,0
72,00:00:03.019,3.0204,-10.977,13.061,2.111,2957.309,504.3091,-0.1626867,0,-3384.441,-161.3475,0,0
72,00:00:03.020,3.022,-10.977,13.209,2.136,2957.309,504.3092,0.1114354,0,-3411.12,-29.03999,0,0
72,00:00:03.022,3.0236,-10.977,13.35699,2.161,2957.309,504.3093,0.3855576,0,-3408.208,52.69849,0,0
72,00:00:03.024,3.0252,-10.977,13.35699,2.161,2957.309,504.3093,0.3855576,0,-3436.983,-61.5855,0,0
72,00:00:03.025,3.0268,-10.977,13.35699,2.161,2957.309,504.3093,0.3855576,0,-3459.933,-132.9525,0,0
72,00:00:03.027,3.0284,-10.977,13.653,2.212,2957.309,504.3093,1.314491,0,-3490.806,-124.355,0,0
72,00:00:03.028,3.03,-10.977,13.653,2.212,2957.309,504.3093,1.314491,0,-3505.252,-38.9645,0,0
72,00:00:03.030,3.0316,-10.977,13.653,2.212,2957.309,504.3093,1.314491,0,-3548.24,-2.365993,0,0
72,00:00:03.032,3.0332,-10.977,13.653,2.212,2957.309,504.3093,1.314491,0,-3573.754,-46.597,0,0
72,00:00:03.033,3.0348,-10.977,13.948,2.262,2957.308,504.3092,2.17773,0,-3589.132,-71.884,0,0
72,00:00:03.035,3.0364,-10.977,13.948,2.262,2957.308,504.3092,2.17773,0,-3609.17,-110.7545,0,0
73,00:00:03.036,3.038,-10.977,13.948,2.262,2957.308,504.3092,2.17773,0,-3635.149,-85.0155,0,0
73,00:00:03.038,3.0396,-10.977,14.096,2.2875,2957.308,504.3092,2.31096,0,-3650.294,-21.3405,0,0
73,00:00:03.040,3.0412,-10.977,14.244,2.313,2957.308,504.3093,2.44419,0,-3665.673,-29.908,0,0
73,00:00:03.041,3.0428,-10.977,14.244,2.313,2957.308,504.3093,2.44419,0,-3703.651,-65.6035,0,0
73,00:00:03.043,3.0444,-10.977,14.244,2.313,2957.308,504.3093,2.44419,0,-3721.359,-94.0405,0,0
73,00:00:03.044,3.046,-10.977,14.392,2.338,2957.309,504.3093,2.379411,0,-3709.826,-35.309,0,0
73,00:00:03.046,3.0476,-10.977,14.54,2.363,2957.309,504.3093,2.314633,0,-3725.787,26.1265,0,0
73,00:00:03.048,3.0492,-10.977,14.54,2.363,2957.309,504.3093,2.314633,0,-3759.921,-10.4725,0,0
73,00:00:03.049,3.0508,-10.977,14.54,2.363,2957.309,504.3093,2.314633,0,-3768.192,-61.5635,0,0
73,00:00:03.051,3.0524,-10.977,14.836,2.414,2957.308,504.3094,1.825764,0,-3786.25,-47.5615,0,0
73,00:00:03.052,3.054,-10.977,14.836,2.414,2957.308,504.3094,1.825764,0,-3802.91,-15.9705,0,0
73,00:00:03.054,3.0556,-10.977,14.836,2.414,2957.308,504.3094,1.825764,0,-3811.297,-27.727,0,0
73,00:00:03.056,3.0572,-10.977,14.836,2.414,2957.308,504.3094,1.825764,0,-3824.229,-15.527,0,0
73,00:00:03.057,3.0588,-10.977,15.131,2.464,2957.308,504.3093,1.260787,0,-3841.238,-0.6315079,0,0
73,00:00:03.059,3.0604,-10.977,15.131,2.464,2957.308,504.3093,1.260787,0,-3859.179,-24.5585,0,0
73,00:00:03.060,3.062,-10.977,15.131,2.464,2957.308,504.3093,1.260787,0,-3885.857,-30.438,0,0
73,00:00:03.062,3.0636,-10.977,15.279,2.489,2957.308,504.3093,1.028946,0,-3901.701,-44.0015,0,0
73,00:00:03.064,3.0652,-10.977,15.42699,2.514,2957.308,504.3094,0.7971056,0,-3914.283,-29.997,0,0
73,00:00:03.065,3.0668,-10.977,15.42699,2.514,2957.308,504.3094,0.7971056,0,-3922.322,-8.788994,0,0
73,00:00:03.067,3.0684,-10.977,15.42699,2.514,2957.308,504.3094,0.7971056,0,-3931.991,-56.2115,0,0
73,00:00:03.068,3.07,-10.977,15.575,2.5395,2957.309,504.3093,0.6978235,0,-3963.213,-50.35699,0,0
73,00:00:03.070,3.0716,-10.977,15.723,2.565,2957.309,504.3091,0.5985414,0,-3973.232,-34.528,0,0
73,00:00:03.072,3.0732,-10.977,15.723,2.565,2957.309,504.3091,0.5985414,0,-3980.921,0.2654953,0,0
73,00:00:03.073,3.0748,-10.977,15.723,2.565,2957.309,504.3091,0.5985414,0,-3992.222,-16.4515,0,0
73,00:00:03.075,3.0764,-10.977,16.019,2.615,2957.309,504.3094,0.6514538,0,-4011.095,-61.174,0,0
73,00:00:03.076,3.078,-10.977,16.019,2.615,2957.309,504.3094,0.6514538,0,-4022.396,-49.903,0,0
74,00:00:03.078,3.0796,-10.977,16.019,2.615,2957.309,504.3094,0.6514538,0,-4031.25,-21.8935,0,0
74,00:00:03.080,3.0812,-10.977,16.019,2.615,2957.309,504.3094,0.6514538,0,-4045.695,-20.10799,0,0
74,00:00:03.081,3.0828,-10.977,16.314,2.666,2957.308,504.3092,0.9247983,0,-4059.093,-23.7425,0,0
74,00:00:03.083,3.0844,-10.977,16.314,2.666,2957.308,504.3092,0.9247983,0,-4066.666,-30.05199,0,0
74,00:00:03.084,3.086,-10.977,16.314,2.666,2957.308,504.3092,0.9247983,0,-4065.384,-11.51749,0,0
74,00:00:03.086,3.0876,-10.977,16.462,2.691,2957.309,504.3092,1.104588,0,-4078.665,-34.076,0,0
74,00:00:03.088,3.0892,-10.977,16.61,2.716,2957.309,504.3092,1.284378,0,-4087.752,-27.31499,0,0
74,00:00:03.089,3.0908,-10.977,16.61,2.716,2957.309,504.3092,1.284378,0,-4092.528,-18.75199,0,0
74,00:00:03.091,3.0924,-10.977,16.61,2.716,2957.309,504.3092,1.284378,0,-4107.79,-20.5695,0,0
74,00:00:03.092,3.094,-10.977,16.758,2.7415,2957.309,504.3092,1.426288,0,-4113.965,-24.201,0,0
74,00:00:03.094,3.0956,-10.977,16.906,2.767,2957.308,504.3092,1.568199,0,-4116.178,-31.40949,0,0
74,00:00:03.096,3.0972,-10.977,16.906,2.767,2957.308,504.3092,1.568199,0,-4128.76,-20.124,0,0
74,00:00:03.097,3.0988,-10.977,16.906,2.767,2957.308,504.3092,1.568199,0,-4128.177,-12.88449,0,0
74,00:00:03.099,3.1004,-10.977,17.201,2.817,2957.308,504.3092,1.673282,0,-4135.051,-18.73699,0,0
74,00:00:03.100,3.102,-10.977,17.201,2.817,2957.308,504.3092,1.673282,0,-4146.002,-39.05801,0,0
74,00:00:03.102,3.1036,-10.977,17.201,2.817,2957.308,504.3092,1.673282,0,-4152.643,-64.79301,0,0
74,00:00:03.104,3.1052,-10.977,17.201,2.817,2957.308,504.3092,1.673282,0,-4158.351,-38.17599,0,0
74,00:00:03.105,3.1068,-10.977,17.49699,2.867,2957.308,504.3092,1.582891,0,-4160.797,-31.86499,0,0
74,00:00:03.107,3.1084,-10.977,17.49699,2.867,2957.308,504.3092,1.582891,0,-4166.972,-40.00249,0,0
74,00:00:03.108,3.11,-10.977,17.49699,2.867,2957.308,504.3092,1.582891,0,-4177.224,-45.43999,0,0
74,00:00:03.110,3.1116,-10.977,17.645,2.8925,2957.309,504.3092,1.505996,0,-4174.078,-33.66999,0,0
74,00:00:03.112,3.1132,-10.977,17.793,2.918,2957.309,504.3092,1.429101,0,-4183.515,-30.06199,0,0
74,00:00:03.113,3.1148,-10.977,17.793,2.918,2957.309,504.3092,1.429101,0,-4191.437,-50.38799,0,0
74,00:00:03.115,3.1164,-10.977,17.793,2.918,2957.309,504.3092,1.429101,0,-4193.883,-65.73849,0,0
74,00:00:03.116,3.118,-10.977,17.941,2.943,2957.309,504.3092,1.304488,0,-4206.698,-49.94549,0,0
74,00:00:03.118,3.1196,-10.977,18.089,2.968,2957.309,504.3092,1.179875,0,-4213.456,-58.07999,0,0
75,00:00:03.120,3.1212,-10.977,18.089,2.968,2957.309,504.3092,1.179875,0,-4217.999,-55.39449,0,0
75,00:00:03.121,3.1228,-10.977,18.089,2.968,2957.309,504.3092,1.179875,0,-4223.242,-54.92149,0,0
75,00:00:03.123,3.1244,-10.977,18.384,3.019,2957.309,504.3092,0.9878994,0,-4234.309,-34.5955,0,0
75,00:00:03.124,3.126,-10.977,18.384,3.019,2957.309,504.3092,0.9878994,0,-4235.823,-30.973,0,0
75,00:00:03.126,3.1276,-10.977,18.384,3.019,2957.309,504.3092,0.9878994,0,-4238.387,-30.96199,0,0
75,00:00:03.128,3.1292,-10.977,18.384,3.019,2957.309,504.3092,0.9878994,0,-4252.25,-49.49099,0,0
75,00:00:03.129,3.1308,-10.977,18.68,3.069,2957.309,504.3091,0.9057652,0,-4264.948,-92.37099,0,0
75,00:00:03.131,3.1324,-10.977,18.68,3.069,2957.309,504.3091,0.9057652,0,-4269.143,-92.395,0,0
75,00:00:03.132,3.134,-10.977,18.68,3.069,2957.309,504.3091,0.9057652,0,-4274.618,-56.72649,0,0
75,00:00:03.134,3.1356,-10.977,18.828,3.0945,2957.309,504.3092,0.9687471,0,-4286.035,-43.165,0,0
75,00:00:03.136,3.1372,-10.977,18.976,3.119999,2957.309,504.3093,1.031729,0,-4296.054,-35.03999,0,0
75,00:00:03.137,3.1388,-10.977,18.976,3.119999,2957.309,504.3093,1.031729,0,-4296.753,-50.36299,0,0
75,00:00:03.139,3.1404,-10.977,18.976,3.119999,2957.309,504.3093,1.031729,0,-4308.869,-64.81051,0,0
75,00:00:03.140,3.142,-10.977,19.124,3.145,2957.309,504.3092,1.126501,0,-4316.325,-74.2845,0,0
75,00:00:03.142,3.1436,-10.977,19.272,3.17,2957.309,504.3091,1.221273,0,-4314.577,-52.135,0,0
75,00:00:03.144,3.1452,-10.977,19.272,3.17,2957.309,504.3091,1.221273,0,-4325.295,-28.65951,0,0
75,00:00:03.145,3.1468,-10.977,19.272,3.17,2957.309,504.3091,1.221273,0,-4330.538,-48.5305,0,0
75,00:00:03.147,3.1484,-10.977,19.56699,3.221,2957.309,504.3094,1.383891,0,-4347.431,-65.718,0,0
75,00:00:03.148,3.15,-10.977,19.56699,3.221,2957.309,504.3094,1.383891,0,-4350.343,-48.545,0,0
75,00:00:03.150,3.1516,-10.977,19.56699,3.221,2957.309,504.3094,1.383891,0,-4351.625,-25.4965,0,0
75,00:00:03.152,3.1532,-10.977,19.56699,3.221,2957.309,504.3094,1.383891,0,-4357.915,-25.49351,0,0
75,00:00:03.153,3.1548,-10.977,19.863,3.270999,2957.308,504.3091,1.522892,0,-4364.905,-39.005,0,0
75,00:00:03.155,3.1564,-10.977,19.863,3.270999,2957.308,504.3091,1.522892,0,-4373.061,-35.397,0,0
75,00:00:03.156,3.158,-10.977,19.863,3.270999,2957.308,504.3091,1.522892,0,-4383.079,-54.816,0,0
75,00:00:03.158,3.1596,-10.977,20.011,3.296,2957.309,504.3092,1.546769,0,-4389.487,-31.3385,0,0
75,00:00:03.160,3.1612,-10.977,20.159,3.321,2957.309,504.3094,1.570647,0,-4391.118,-26.8415,0,0
76,00:00:03.161,3.1628,-10.977,20.159,3.321,2957.309,504.3094,1.570647,0,-4397.292,-37.22501,0,0
76,00:00:03.163,3.1644,-10.977,20.159,3.321,2957.309,504.3094,1.570647,0,-4408.942,-33.618,0,0
76,00:00:03.164,3.166,-10.977,20.307,3.3465,2957.309,504.3092,1.587613,0,-4406.729,-19.59801,0,0
76,00:00:03.166,3.1676,-10.977,20.45499,3.372,2957.309,504.3091,1.60458,0,-4416.864,-31.321,0,0
76,00:00:03.168,3.1692,-10.977,20.45499,3.372,2957.309,504.3091,1.60458,0,-4427.699,-38.98049,0,0
76,00:00:03.169,3.1708,-10.977,20.45499,3.372,2957.309,504.3091,1.60458,0,-4429.563,-47.5465,0,0
76,00:00:03.171,3.1724,-10.977,20.75,3.421999,2957.308,504.3094,1.538358,0,-4432.359,-43.0535,0,0
76,00:00:03.172,3.174,-10.977,20.75,3.421999,2957.308,504.3094,1.538358,0,-4432.825,-38.5215,0,0
76,00:00:03.174,3.1756,-10.977,20.75,3.421999,2957.308,504.3094,1.538358,0,-4439.232,-23.1925,0,0
76,00:00:03.176,3.1772,-10.977,20.75,3.421999,2957.308,504.3094,1.538358,0,-4439.465,-34.482,0,0
76,00:00:03.177,3.1788,-10.977,21.046,3.473,2957.309,504.3091,1.385636,0,-4448.552,-29.50999,0,0
76,00:00:03.179,3.1804,-10.977,21.046,3.473,2957.309,504.3091,1.385636,0,-4454.494,-27.7005,0,0
76,00:00:03.180,3.182,-10.977,21.046,3.473,2957.309,504.3091,1.385636,0,-4452.746,-21.3335,0,0
76,00:00:03.182,3.1836,-10.977,21.194,3.498,2957.309,504.3092,1.321442,0,-4457.989,-37.591,0,0
76,00:00:03.184,3.1852,-10.977,21.342,3.523,2957.308,504.3094,1.257248,0,-4462.299,-50.705,0,0
76,00:00:03.185,3.1868,-10.977,21.342,3.523,2957.308,504.3094,1.257248,0,-4464.862,-28.1175,0,0
76,00:00:03.187,3.1884,-10.977,21.342,3.523,2957.308,504.3094,1.257248,0,-4468.59,-4.205502,0,0
76,00:00:03.188,3.19,-10.977,21.4895,3.5485,2957.309,504.3092,1.238595,0,-4473.134,-33.5505,0,0
76,00:00:03.190,3.1916,-10.977,21.637,3.574,2957.309,504.3091,1.219941,0,-4478.26,-28.5935,0,0
76,00:00:03.192,3.1932,-10.977,21.637,3.574,2957.309,504.3091,1.219941,0,-4482.804,-18.633,0,0
76,00:00:03.193,3.1948,-10.977,21.637,3.574,2957.309,504.3091,1.219941,0,-4482.454,-15.899,0,0
76,00:00:03.195,3.1964,-10.977,21.933,3.624,2957.308,504.3092,1.125238,0,-4484.667,-17.235,0,0
76,00:00:03.196,3.198,-10.977,21.933,3.624,2957.308,504.3092,1.125238,0,-4494.57,-30.7785,0,0
76,00:00:03.198,3.1996,-10.977,21.933,3.624,2957.308,504.3092,1.125238,0,-4503.074,-27.635,0,0
76,00:00:03.200,3.2012,-10.977,21.933,3.624,2957.308,504.3092,1.125238,0,-4501.21,-26.282,0,0
76,00:00:03.201,3.2028,-10.977,22.229,3.674,2957.308,504.3092,1.185622,0,-4509.715,-26.7435,0,0
77,00:00:03.203,3.2044,-10.977,22.229,3.674,2957.308,504.3092,1.185622,0,-4516.472,-20.866,0,0
77,00:00:03.204,3.206,-10.977,22.229,3.674,2957.308,504.3092,1.185622,0,-4519.851,-28.0845,0,0
77,00:00:03.206,3.2076,-10.977,22.377,3.6995,2957.309,504.3092,1.199983,0,-4528.005,-22.6695,0,0
77,00:00:03.208,3.2092,-10.977,22.52499,3.725,2957.309,504.3092,1.214345,0,-4530.452,-29.4085,0,0
77,00:00:03.209,3.2108,-10.977,22.52499,3.725,2957.309,504.3092,1.214345,0,-4544.897,-34.8285,0,0
77,00:00:03.211,3.2124,-10.977,22.52499,3.725,2957.309,504.3092,1.214345,0,-4549.441,-35.283,0,0
77,00:00:03.212,3.214,-10.977,22.6725,3.75,2957.309,504.3092,1.249296,0,-4554.451,-32.5815,0,0
77,00:00:03.214,3.2156,-10.977,22.82,3.775,2957.309,504.3092,1.284248,0,-4568.664,-37.13,0,0
77,00:00:03.216,3.2172,-10.977,22.82,3.775,2957.309,504.3092,1.284248,0,-4570.062,-39.8245,0,0
77,00:00:03.217,3.2188,-10.977,22.82,3.775,2957.309,504.3092,1.284248,0,-4573.207,-27.6395,0,0
77,00:00:03.219,3.2204,-10.977,23.116,3.826,2957.309,504.3091,1.30878,0,-4583.343,-29.4425,0,0
77,00:00:03.220,3.222,-10.977,23.116,3.826,2957.309,504.3091,1.30878,0,-4597.672,-44.7945,0,0
77,00:00:03.222,3.2236,-10.977,23.116,3.826,2957.309,504.3091,1.30878,0,-4600.352,-41.6265,0,0
77,00:00:03.224,3.2252,-10.977,23.116,3.826,2957.309,504.3091,1.30878,0,-4606.643,-51.54,0,0
77,00:00:03.225,3.2268,-10.977,23.41199,3.876,2957.308,504.3091,1.333022,0,-4613.05,-30.333,0,0
77,00:00:03.227,3.2284,-10.977,23.41199,3.876,2957.308,504.3091,1.333022,0,-4618.759,-46.152,0,0
77,00:00:03.228,3.23,-10.977,23.41199,3.876,2957.308,504.3091,1.333022,0,-4630.875,-46.165,0,0
77,00:00:03.230,3.2316,-10.977,23.56,3.9015,2957.309,504.3092,1.3172,0,-4638.214,-43.012,0,0
77,00:00:03.232,3.2332,-10.977,23.708,3.927,2957.309,504.3092,1.301379,0,-4641.593,-43.9125,0,0
77,00:00:03.233,3.2348,-10.977,23.708,3.927,2957.309,504.3092,1.301379,0,-4653.942,-41.207,0,0
77,00:00:03.235,3.2364,-10.977,23.708,3.927,2957.309,504.3092,1.301379,0,-4657.786,-47.0665,0,0
77,00:00:03.236,3.238,-10.977,23.8555,3.952,2957.309,504.3092,1.300656,0,-4668.621,-61.5205,0,0
77,00:00:03.238,3.2396,-10.977,24.003,3.977,2957.308,504.3092,1.299932,0,-4678.407,-60.1675,0,0
77,00:00:03.240,3.2412,-10.977,24.003,3.977,2957.308,504.3092,1.299932,0,-4679.106,-63.777,0,0
77,00:00:03.241,3.2428,-10.977,24.003,3.977,2957.308,504.3092,1.299932,0,-4688.426,-53.4265,0,0
77,00:00:03.243,3.2444,-10.977,24.299,4.027,2957.308,504.3092,1.180721,0,-4690.173,-57.485,0,0
78,00:00:03.244,3.246,-10.977,24.299,4.027,2957.308,504.3092,1.180721,0,-4699.377,-45.75999,0,0
78,00:00:03.246,3.2476,-10.977,24.299,4.027,2957.308,504.3092,1.180721,0,-4701.707,-53.87749,0,0
78,00:00:03.248,3.2492,-10.977,24.299,4.027,2957.308,504.3092,1.180721,0,-4705.435,-51.158,0,0
78,00:00:03.249,3.2508,-10.977,24.59499,4.078,2957.309,504.3091,1.22095,0,-4711.726,-66.527,0,0
78,00:00:03.251,3.2524,-10.977,24.59499,4.078,2957.309,504.3091,1.22095,0,-4719.065,-63.8025,0,0
78,00:00:03.252,3.254,-10.977,24.59499,4.078,2957.309,504.3091,1.22095,0,-4729.667,-52.07699,0,0
78,00:00:03.254,3.2556,-10.977,24.7425,4.103,2957.309,504.3093,1.201112,0,-4730.016,-61.5735,0,0
78,00:00:03.256,3.2572,-10.977,24.89,4.128,2957.309,504.3094,1.181275,0,-4742.599,-63.84049,0,0
78,00:00:03.257,3.2588,-10.977,24.89,4.128,2957.309,504.3094,1.181275,0,-4753.782,-52.1155,0,0
78,00:00:03.259,3.2604,-10.977,24.89,4.128,2957.309,504.3094,1.181275,0,-4750.986,-55.2625,0,0
78,00:00:03.260,3.262,-10.977,25.038,4.1535,2957.309,504.3093,1.224696,0,-4754.132,-37.19399,0,0
78,00:00:03.262,3.2636,-10.977,25.186,4.178999,2957.308,504.3093,1.268116,0,-4765.083,-46.6775,0,0
78,00:00:03.264,3.2652,-10.977,25.186,4.178999,2957.308,504.3093,1.268116,0,-4778.364,-64.74349,0,0
78,00:00:03.265,3.2668,-10.977,25.186,4.178999,2957.308,504.3093,1.268116,0,-4782.907,-38.0985,0,0
78,00:00:03.267,3.2684,-10.977,25.48199,4.229,2957.309,504.3093,1.290113,0,-4786.053,-39.0065,0,0
78,00:00:03.268,3.27,-10.977,25.48199,4.229,2957.309,504.3093,1.290113,0,-4797.47,-39.03551,0,0
78,00:00:03.270,3.2716,-10.977,25.48199,4.229,2957.309,504.3093,1.290113,0,-4799.567,-32.72849,0,0
78,00:00:03.272,3.2732,-10.977,25.48199,4.229,2957.309,504.3093,1.290113,0,-4799.8,-17.82349,0,0
78,00:00:03.273,3.2748,-10.977,25.778,4.28,2950.438,503.1379,1.331394,0,-4806.208,-5.161499,0,0
78,00:00:03.275,3.2764,-10.977,25.778,4.28,2950.438,503.1379,1.331394,0,-4813.197,-26.397,0,0
78,00:00:03.276,3.278,-10.977,25.778,4.28,2950.438,503.1379,1.331394,0,-4819.255,-38.57951,0,0
78,00:00:03.278,3.2796,-10.977,25.924,4.3045,2921.377,498.182,1.409786,0,-4823.682,-21.866,0,0
78,00:00:03.280,3.2812,-10.977,26.07,4.329,2892.316,493.2262,1.488178,0,-4820.071,-24.1235,0,0
78,00:00:03.281,3.2828,-10.977,26.07,4.329,2892.316,493.2262,1.488178,0,-4824.614,-16.459,0,0
78,00:00:03.283,3.2844,-10.977,26.07,4.329,2892.316,493.2262,1.488178,0,-4826.245,-35.90849,0,0
78,00:00:03.284,3.286,-10.977,26.212,4.3535,2840.726,484.4285,1.502304,0,-4825.896,-27.78399,0,0
79,00:00:03.286,3.2876,-10.977,26.354,4.378,2789.136,475.6308,1.516431,0,-4827.993,-7.45549,0,0
79,00:00:03.288,3.2892,-10.977,26.354,4.378,2789.136,475.6308,1.516431,0,-4828.109,-9.254997,0,0
79,00:00:03.289,3.2908,-10.977,26.354,4.378,2789.136,475.6308,1.516431,0,-4832.77,-13.3175,0,0
79,00:00:03.291,3.2924,-10.977,26.627,4.424,2682.673,457.4758,1.497625,0,-4832.886,-36.80299,0,0
79,00:00:03.292,3.294,-10.977,26.627,4.424,2682.673,457.4758,1.497625,0,-4837.43,-30.48399,0,0
79,00:00:03.294,3.2956,-10.977,26.627,4.424,2682.673,457.4758,1.497625,0,-4833.352,-18.29349,0,0
79,00:00:03.296,3.2972,-10.977,26.627,4.424,2682.673,457.4758,1.497625,0,-4832.304,-26.44649,0,0
79,00:00:03.297,3.2988,-10.977,26.89,4.469,2576.21,439.3204,1.480072,0,-4830.439,-27.8025,0,0
79,00:00:03.299,3.3004,-10.977,26.89,4.469,2576.21,439.3204,1.480072,0,-4830.556,-26.90499,0,0
79,00:00:03.300,3.302,-10.977,26.89,4.469,2576.21,439.3204,1.480072,0,-4826.944,-16.50549,0,0
79,00:00:03.302,3.3036,-10.977,27.016,4.4905,2522.979,430.2429,1.486056,0,-4823.449,-21.93199,0,0
79,00:00:03.304,3.3052,-10.977,27.142,4.512,2469.747,421.1654,1.49204,0,-4821.469,-17.40849,0,0
79,00:00:03.305,3.3068,-10.977,27.142,4.512,2469.747,421.1654,1.49204,0,-4817.042,-14.69799,0,0
79,00:00:03.307,3.3084,-10.977,27.142,4.512,2469.747,421.1654,1.49204,0,-4817.741,-19.67349,0,0
79,00:00:03.308,3.31,-10.977,27.2625,4.5325,2416.516,412.088,1.486279,0,-4812.615,-38.64399,0,0
79,00:00:03.310,3.3116,-10.977,27.383,4.553,2363.284,403.0106,1.480517,0,-4815.527,-29.62349,0,0
79,00:00:03.312,3.3132,-10.977,27.383,4.553,2363.284,403.0106,1.480517,0,-4808.305,-32.76849,0,0
79,00:00:03.313,3.3148,-10.977,27.383,4.553,2363.284,403.0106,1.480517,0,-4804.926,-12.44199,0,0
79,00:00:03.315,3.3164,-10.977,27.614,4.593,2256.821,384.8553,1.378667,0,-4800.499,-20.11849,0,0
79,00:00:03.316,3.318,-10.977,27.614,4.593,2256.821,384.8553,1.378667,0,-4797.12,-21.9295,0,0
79,00:00:03.318,3.3196,-10.977,27.614,4.593,2256.821,384.8553,1.378667,0,-4796.421,-17.8615,0,0
79,00:00:03.320,3.3212,-10.977,27.614,4.593,2256.821,384.8553,1.378667,0,-4788.034,-25.535,0,0
79,00:00:03.321,3.3228,-10.977,27.834,4.63,2150.358,366.7001,1.445235,0,-4787.8,-13.80099,0,0
79,00:00:03.323,3.3244,-10.977,27.834,4.63,2150.358,366.7001,1.445235,0,-4783.257,-21.01499,0,0
79,00:00:03.324,3.326,-10.977,27.834,4.63,2150.358,366.7001,1.445235,0,-4778.247,-8.366501,0,0
79,00:00:03.326,3.3276,-10.977,27.9385,4.648,2097.126,357.6226,1.420522,0,-4773.122,-1.590492,0,0
80,00:00:03.328,3.3292,-10.977,28.043,4.666,2043.895,348.545,1.395809,0,-4771.257,-21.01099,0,0
80,00:00:03.329,3.3308,-10.977,28.043,4.666,2043.895,348.545,1.395809,0,-4771.024,-21.93,0,0
80,00:00:03.331,3.3324,-10.977,28.043,4.666,2043.895,348.545,1.395809,0,-4767.296,-22.82649,0,0
80,00:00:03.332,3.334,-10.977,28.1425,4.683,1990.663,339.4674,1.388541,0,-4759.84,-29.59899,0,0
80,00:00:03.334,3.3356,-10.977,28.242,4.7,1937.432,330.3899,1.381274,0,-4761.238,-30.0675,0,0
80,00:00:03.336,3.3372,-10.977,28.242,4.7,1937.432,330.3899,1.381274,0,-4758.792,-19.66699,0,0
80,00:00:03.337,3.3388,-10.977,28.242,4.7,1937.432,330.3899,1.381274,0,-4747.957,-16.953,0,0
80,00:00:03.339,3.3404,-10.977,28.43,4.732,1830.969,312.2347,1.271721,0,-4749.123,-6.56749,0,0
80,00:00:03.340,3.342,-10.977,28.43,4.732,1830.969,312.2347,1.271721,0,-4743.997,-15.1405,0,0
80,00:00:03.342,3.3436,-10.977,28.43,4.732,1830.969,312.2347,1.271721,0,-4739.569,-24.63749,0,0
80,00:00:03.344,3.3452,-10.977,28.43,4.732,1830.969,312.2347,1.271721,0,-4735.259,-23.735,0,0
80,00:00:03.345,3.3468,-10.977,28.60699,4.762,1724.505,294.0796,1.275122,0,-4733.745,-30.50299,0,0
80,00:00:03.347,3.3484,-10.977,28.60699,4.762,1724.505,294.0796,1.275122,0,-4729.201,-35.01949,0,0
80,00:00:03.348,3.35,-10.977,28.60699,4.762,1724.505,294.0796,1.275122,0,-4726.288,-16.05199,0,0
80,00:00:03.350,3.3516,-10.977,28.69049,4.776,1671.274,285.002,1.276342,0,-4721.396,-25.53849,0,0
80,00:00:03.352,3.3532,-10.977,28.77399,4.789999,1618.042,275.9244,1.277562,0,-4715.337,-30.94499,0,0
80,00:00:03.353,3.3548,-10.977,28.77399,4.789999,1618.042,275.9244,1.277562,0,-4712.309,-31.863,0,0
80,00:00:03.355,3.3564,-10.977,28.77399,4.789999,1618.042,275.9244,1.277562,0,-4703.92,-19.66599,0,0
80,00:00:03.356,3.358,-10.977,28.852,4.8035,1564.811,266.8469,1.27975,0,-4697.513,-33.66749,0,0
80,00:00:03.358,3.3596,-10.977,28.93,4.817,1511.579,257.7693,1.281937,0,-4690.406,-21.46849,0,0
80,00:00:03.360,3.3612,-10.977,28.93,4.817,1511.579,257.7693,1.281937,0,-4685.164,-31.41299,0,0
80,00:00:03.361,3.3628,-10.977,28.93,4.817,1511.579,257.7693,1.281937,0,-4678.523,-31.85349,0,0
80,00:00:03.363,3.3644,-10.977,29.075,4.842,1405.116,239.6142,1.246409,0,-4670.602,-33.20449,0,0
80,00:00:03.364,3.366,-10.977,29.075,4.842,1405.116,239.6142,1.246409,0,-4659.417,-34.561,0,0
80,00:00:03.366,3.3676,-10.977,29.075,4.842,1405.116,239.6142,1.246409,0,-4649.398,-26.88849,0,0
80,00:00:03.368,3.3692,-10.977,29.075,4.842,1405.116,239.6142,1.246409,0,-4642.641,-22.82199,0,0
81,00:00:03.369,3.3708,-10.977,29.21,4.865,1298.653,221.459,1.217816,0,-4632.739,-24.6215,0,0
81,00:00:03.371,3.3724,-10.977,29.21,4.865,1298.653,221.459,1.217816,0,-4620.157,-30.95099,0,0
81,00:00:03.372,3.374,-10.977,29.21,4.865,1298.653,221.459,1.217816,0,-4613.283,-32.30899,0,0
81,00:00:03.374,3.3756,-10.977,29.2725,4.8755,1245.421,212.3814,1.23395,0,-4605.012,-21.91699,0,0
81,00:00:03.376,3.3772,-10.977,29.335,4.886,1192.19,203.3039,1.250085,0,-4596.74,-21.45899,0,0
81,00:00:03.377,3.3788,-10.977,29.335,4.886,1192.19,203.3039,1.250085,0,-4586.955,-26.42649,0,0
81,00:00:03.379,3.3804,-10.977,29.335,4.886,1192.19,203.3039,1.250085,0,-4579.266,-23.71349,0,0
81,00:00:03.380,3.382,-10.977,29.3915,4.8955,1138.958,194.2264,1.246599,0,-4570.295,-24.61949,0,0
81,00:00:03.382,3.3836,-10.977,29.448,4.905,1085.727,185.1489,1.243114,0,-4558.063,-18.28649,0,0
81,00:00:03.384,3.3852,-10.977,29.448,4.905,1085.727,185.1489,1.243114,0,-4549.208,-23.70299,0,0
81,00:00:03.385,3.3868,-10.977,29.448,4.905,1085.727,185.1489,1.243114,0,-4536.044,-29.56799,0,0
81,00:00:03.387,3.3884,-10.977,29.55099,4.923,979.2637,166.9937,1.26831,0,-4522.53,-22.3335,0,0
81,00:00:03.388,3.39,-10.977,29.55099,4.923,979.2637,166.9937,1.26831,0,-4508.783,-20.9755,0,0
81,00:00:03.390,3.3916,-10.977,29.55099,4.923,979.2637,166.9937,1.26831,0,-4498.414,-19.1765,0,0
81,00:00:03.392,3.3932,-10.977,29.55099,4.923,979.2637,166.9937,1.26831,0,-4485.833,-20.0805,0,0
81,00:00:03.393,3.3948,-10.977,29.643,4.939,872.8006,148.8384,1.332449,0,-4471.037,-11.49799,0,0
81,00:00:03.395,3.3964,-10.977,29.643,4.939,872.8006,148.8384,1.332449,0,-4456.824,-18.26751,0,0
81,00:00:03.396,3.398,-10.977,29.643,4.939,872.8006,148.8384,1.332449,0,-4446.106,-25.94851,0,0
81,00:00:03.398,3.3996,-10.977,29.684,4.946,819.569,139.7609,1.329659,0,-4433.757,-12.84601,0,0
81,00:00:03.400,3.4012,-10.977,29.725,4.953,766.3373,130.6834,1.326869,0,-4422.806,-9.234497,0,0
81,00:00:03.401,3.4028,-10.977,29.725,4.953,766.3373,130.6834,1.326869,0,-4410.573,-6.524002,0,0
81,00:00:03.403,3.4044,-10.977,29.725,4.953,766.3373,130.6834,1.326869,0,-4398.807,-14.20549,0,0
81,00:00:03.404,3.406,-10.977,29.7605,4.959,713.1058,121.6059,1.325625,0,-4383.429,-13.74901,0,0
81,00:00:03.406,3.4076,-10.977,29.796,4.965,659.8743,112.5283,1.324381,0,-4366.304,-3.810989,0,0
81,00:00:03.408,3.4092,-10.977,29.796,4.965,659.8743,112.5283,1.324381,0,-4348.595,-5.165985,0,0
81,00:00:03.409,3.4108,-10.977,29.796,4.965,659.8743,112.5283,1.324381,0,-4332.868,-13.74601,0,0
82,00:00:03.411,3.4124,-10.977,29.856,4.975,553.4116,94.37308,1.355931,0,-4316.092,-20.0675,0,0
82,00:00:03.412,3.414,-10.977,29.856,4.975,553.4116,94.37308,1.355931,0,-4296.869,-7.868004,0,0
82,00:00:03.414,3.4156,-10.977,29.856,4.975,553.4116,94.37308,1.355931,0,-4277.647,-6.959503,0,0
82,00:00:03.416,3.4172,-10.977,29.856,4.975,553.4116,94.37308,1.355931,0,-4259.706,-12.383,0,0
82,00:00:03.417,3.4188,-10.977,29.906,4.984,446.9483,76.21797,1.369569,0,-4240.367,-20.063,0,0
82,00:00:03.419,3.4204,-10.977,29.906,4.984,446.9483,76.21797,1.369569,0,-4219.164,-15.993,0,0
82,00:00:03.420,3.422,-10.977,29.906,4.984,446.9483,76.21797,1.369569,0,-4198.194,-15.9905,0,0
82,00:00:03.422,3.4236,-10.977,29.9255,4.987,393.7166,67.14046,1.344784,0,-4177.573,-14.64201,0,0
82,00:00:03.424,3.4252,-10.977,29.945,4.99,340.485,58.06295,1.32,0,-4156.953,-20.062,0,0
82,00:00:03.425,3.4268,-10.977,29.945,4.99,340.485,58.06295,1.32,0,-4135.4,-23.2235,0,0
82,00:00:03.427,3.4284,-10.977,29.945,4.99,340.485,58.06295,1.32,0,-4113.964,-20.965,0,0
82,00:00:03.428,3.43,-10.977,29.959,4.9925,287.2534,48.9853,1.273911,0,-4091.946,-18.7105,0,0
82,00:00:03.430,3.4316,-10.977,29.973,4.994999,234.0219,39.90765,1.227821,0,-4068.063,-20.0685,0,0
82,00:00:03.432,3.4332,-10.977,29.973,4.994999,234.0219,39.90765,1.227821,0,-4043.948,-27.74151,0,0
82,00:00:03.433,3.4348,-10.977,29.973,4.994999,234.0219,39.90765,1.227821,0,-4020.065,-32.707,0,0
82,00:00:03.435,3.4364,-10.977,29.991,4.998,127.559,21.7525,1.144883,0,-3993.62,-29.0895,0,0
82,00:00:03.436,3.438,-10.977,29.991,4.998,127.559,21.7525,1.144883,0,-3968.805,-29.991,0,0
82,00:00:03.438,3.4396,-10.977,29.991,4.998,127.559,21.7525,1.144883,0,-3943.292,-29.98701,0,0
82,00:00:03.440,3.4412,-10.977,29.991,4.998,127.559,21.7525,1.144883,0,-3918.478,-29.077,0,0
82,00:00:03.441,3.4428,-10.977,29.99799,4.999,35.5106,6.055651,1.118823,0,-3889.469,-22.3,0,0
82,00:00:03.443,3.4444,-10.977,29.99799,4.999,35.5106,6.055651,1.118823,0,-3860.577,-20.0375,0,0
82,00:00:03.444,3.446,-10.977,29.99799,4.999,35.5106,6.055651,1.118823,0,-3824.578,-17.78,0,0
82,00:00:03.446,3.4476,-10.977,29.999,4.999,18.03965,-5.323698,1.093001,0,-3778.794,-24.101,0,0
82,00:00:03.448,3.4492,-10.977,30,4.999,0.5687088,-16.70305,1.067178,0,-3724.039,-21.394,0,0
82,00:00:03.449,3.4508,-10.977,30,4.999,0.5687088,-16.70305,1.067178,0,-3659.265,-20.0375,0,0
82,00:00:03.451,3.4524,-10.977,30,4.999,0.5687088,-16.70305,1.067178,0,-3582.491,-18.6845,0,0
83,00:00:03.452,3.454,-10.977,30,4.9975,0.2843544,-45.5515,1.069151,0,-3487.078,-20.4915,0,0
83,00:00:03.454,3.4556,-10.977,30,4.996,0,-74.39995,1.071125,0,-3380.014,-23.2025,0,0
83,00:00:03.456,3.4572,-10.977,30,4.996,0,-74.39995,1.071125,0,-3264.446,-19.5895,0,0
83,00:00:03.457,3.4588,-10.977,30,4.996,0,-74.39995,1.071125,0,-3143.869,-17.783,0,0
83,00:00:03.459,3.4604,-10.977,30,4.984,0,-146.4001,0.8797383,0,-3019.331,-16.4285,0,0
83,00:00:03.460,3.462,-10.977,30,4.984,0,-146.4001,0.8797383,0,-2890.714,-19.139,0,0
83,00:00:03.462,3.4636,-10.977,30,4.984,0,-146.4001,0.8797383,0,-2755.108,-20.49,0,0
83,00:00:03.464,3.4652,-10.977,30,4.984,0,-146.4001,0.8797383,0,-2613.444,-18.233,0,0
83,00:00:03.465,3.4668,-10.977,30,4.966,0,-218.4001,0.1387503,0,-2450.461,-20.488,0,0
83,00:00:03.467,3.4684,-10.977,30,4.966,0,-218.4001,0.1387503,0,-2275.012,-13.711,0,0
83,00:00:03.468,3.47,-10.977,30,4.966,0,-218.4001,0.1387503,0,-2084.301,-21.396,0,0
83,00:00:03.470,3.4716,-10.977,30,4.953,0,-254.4,-0.6010869,0,-1886.601,-14.1655,0,0
83,00:00:03.472,3.4732,-10.977,30,4.94,0,-290.3999,-1.340924,0,-1672.357,-20.49049,0,0
83,00:00:03.473,3.4748,-10.977,30,4.94,0,-290.3999,-1.340924,0,-1447.862,-13.7165,0,0
83,00:00:03.475,3.4764,-10.977,30,4.94,0,-290.3999,-1.340924,0,-1209.503,-21.3995,0,0
83,00:00:03.476,3.478,-10.977,30,4.9235,0,-326.3999,-2.192781,0,-962.523,-19.1385,0,0
83,00:00:03.478,3.4796,-10.977,30,4.907,0,-362.3999,-3.044638,0,-708.553,-18.689,0,0
83,00:00:03.480,3.4812,-10.977,30,4.907,0,-362.3999,-3.044638,0,-450.855,-15.53201,0,0
83,00:00:03.481,3.4828,-10.977,30,4.907,0,-362.3999,-3.044638,0,-208.535,-16.8875,0,0
83,00:00:03.483,3.4844,-10.977,30,4.867,0,-434.4001,-4.063289,0,-28.193,-11.466,0,0
83,00:00:03.484,3.486,-10.977,30,4.867,0,-434.4001,-4.063289,0,122.558,-18.6905,0,0
83,00:00:03.486,3.4876,-10.977,30,4.867,0,-434.4001,-4.063289,0,308.026,-18.243,0,0
83,00:00:03.488,3.4892,-10.977,30,4.867,0,-434.4001,-4.063289,0,513.6485,-17.7835,0,0
83,00:00:03.489,3.4908,-10.977,30,4.82,0,-506.4,-3.947089,0,792.2,-16.438,0,0
83,00:00:03.491,3.4924,-10.977,30,4.82,0,-506.4,-3.947089,0,1098.362,-20.49699,0,0
83,00:00:03.492,3.494,-10.977,30,4.82,0,-506.4,-3.947089,0,1442.27,-15.5245,0,0
84,00:00:03.494,3.4956,-10.977,30,4.7925,0,-542.4,-3.103266,0,1787.227,-12.361,0,0
84,00:00:03.496,3.4972,-10.977,30,4.765,0,-578.4,-2.259443,0,2144.998,-6.937508,0,0
84,00:00:03.497,3.4988,-10.977,30,4.765,0,-578.4,-2.259443,0,2509.643,-13.264,0,0
84,00:00:03.499,3.5004,-10.977,30,4.765,0,-578.4,-2.259443,0,2869.861,-9.196503,0,0
84,00:00:03.500,3.502,-10.977,30,4.7345,0,-614.4,-1.016764,0,3224.487,-14.164,0,0
84,00:00:03.502,3.5036,-10.977,30,4.704,0,-650.4,0.2259142,0,3572.123,-5.580002,0,0
84,00:00:03.504,3.5052,-10.977,30,4.704,0,-650.4,0.2259142,0,3906.944,-11.905,0,0
84,00:00:03.505,3.5068,-10.977,30,4.704,0,-650.4,0.2259142,0,4229.183,-11.45499,0,0
84,00:00:03.507,3.5084,-10.977,30,4.635,0,-722.4001,2.818336,0,4531.733,-15.966,0,0
84,00:00:03.508,3.51,-10.977,30,4.635,0,-722.4001,2.818336,0,4809.702,-12.8065,0,0
84,00:00:03.510,3.5116,-10.977,30,4.635,0,-722.4001,2.818336,0,5036.295,-12.809,0,0
84,00:00:03.512,3.5132,-10.977,30,4.635,0,-722.4001,2.818336,0,5189.376,-15.522,0,0
84,00:00:03.513,3.5148,-10.977,30,4.559,0,-794.4001,4.623374,0,5274.188,-17.78201,0,0
84,00:00:03.515,3.5164,-10.977,30,4.559,0,-794.4001,4.623374,0,5275.353,-11.906,0,0
84,00:00:03.516,3.518,-10.977,30,4.559,0,-794.4001,4.623374,0,5230.733,-15.5205,0,0
84,00:00:03.518,3.5196,-10.977,30,4.517,0,-830.4,4.597007,0,5149.766,-15.9725,0,0
84,00:00:03.520,3.5212,-10.977,30,4.475,0,-866.4,4.57064,0,5049.459,-15.0675,0,0
84,00:00:03.521,3.5228,-10.977,30,4.475,0,-866.4,4.57064,0,4934.357,-10.9995,0,0
84,00:00:03.523,3.5244,-10.977,30,4.475,0,-866.4,4.57064,0,4826.013,-20.488,0,0
84,00:00:03.524,3.526,-10.977,30,4.43,0,-902.3999,4.175159,0,4728.036,-19.58649,0,0
84,00:00:03.526,3.5276,-10.977,30,4.385,0,-938.3999,3.779678,0,4621.904,-16.874,0,0
84,00:00:03.528,3.5292,-10.977,30,4.385,0,-938.3999,3.779678,0,4500.512,-19.5845,0,0
84,00:00:03.529,3.5308,-10.977,30,4.385,0,-938.3999,3.779678,0,4410.573,-25.9115,0,0
84,00:00:03.531,3.5324,-10.977,30,4.287,0,-1010.4,1.945092,0,4316.092,-9.649498,0,0
84,00:00:03.532,3.534,-10.977,30,4.287,0,-1010.4,1.945092,0,4223.008,-16.4235,0,0
84,00:00:03.534,3.5356,-10.977,30,4.287,0,-1010.4,1.945092,0,4151.827,-16.8865,0,0
85,00:00:03.536,3.5372,-10.977,30,4.287,0,-1010.4,1.945092,0,4054.666,-16.882,0,0
85,00:00:03.537,3.5388,-10.977,30,4.182,0,-1082.4,0.357261,0,3991.872,-15.077,0,0
85,00:00:03.539,3.5404,-10.977,30,4.182,0,-1082.4,0.357261,0,3860.46,-16.89001,0,0
85,00:00:03.540,3.542,-10.977,30,4.182,0,-1082.4,0.357261,0,3719.961,-17.3395,0,0
85,00:00:03.542,3.5436,-10.977,30,4.126,0,-1118.4,-0.1030156,0,3533.911,-24.113,0,0
85,00:00:03.544,3.5452,-10.977,30,4.07,0,-1154.4,-0.5632921,0,3333.182,-17.7905,0,0
85,00:00:03.545,3.5468,-10.977,30,4.07,0,-1154.4,-0.5632921,0,3148.529,-26.8135,0,0
85,00:00:03.547,3.5484,-10.977,30,4.07,0,-1154.4,-0.5632921,0,3086.784,-24.1095,0,0
85,00:00:03.548,3.55,-10.977,30,4.0105,0,-1190.4,-0.7755183,0,3023.641,-25.462,0,0
85,00:00:03.550,3.5516,-10.977,30,3.951,0,-1226.4,-0.9877444,0,2983.099,-26.813,0,0
85,00:00:03.552,3.5532,-10.977,30,3.951,0,-1226.4,-0.9877444,0,2979.604,-33.1385,0,0
85,00:00:03.553,3.5548,-10.977,30,3.951,0,-1226.4,-0.9877444,0,3008.729,-25.462,0,0
85,00:00:03.555,3.5564,-10.977,30,3.825,0,-1298.4,-0.4544761,0,2979.138,-22.295,0,0
85,00:00:03.556,3.558,-10.977,30,3.825,0,-1298.4,-0.4544761,0,2855.648,-23.205,0,0
85,00:00:03.558,3.5596,-10.977,30,3.825,0,-1298.4,-0.4544761,0,2658.414,-35.846,0,0
85,00:00:03.560,3.5612,-10.977,30,3.825,0,-1298.4,-0.4544761,0,2732.74,-29.526,0,0
85,00:00:03.561,3.5628,-10.977,30,3.691,0,-1370.4,0.7202328,0,2809.863,-28.61649,0,0
85,00:00:03.563,3.5644,-10.977,30,3.691,0,-1370.4,0.7202328,0,2854.25,-24.5635,0,0
85,00:00:03.564,3.566,-10.977,30,3.691,0,-1370.4,0.7202328,0,2895.141,-34.044,0,0
85,00:00:03.566,3.5676,-10.977,30,3.6205,0,-1406.123,1.213077,0,2924.732,-30.4305,0,0
85,00:00:03.568,3.5692,-10.977,30,3.55,0,-1441.846,1.705921,0,2930.092,-28.6185,0,0
85,00:00:03.569,3.5708,-10.977,30,3.55,0,-1441.846,1.705921,0,2926.946,-31.3355,0,0
85,00:00:03.571,3.5724,-10.977,30,3.55,0,-1441.846,1.705921,0,2906.558,-32.686,0,0
85,00:00:03.572,3.574,-10.977,30,3.4765,0,-1466.031,2.17749,0,2860.308,-26.8125,0,0
85,00:00:03.574,3.5756,-10.977,30,3.403,0,-1490.216,2.649059,0,2796.466,-32.235,0,0
85,00:00:03.576,3.5772,-10.977,30,3.403,0,-1490.216,2.649059,0,2735.187,-32.234,0,0
86,00:00:03.577,3.5788,-10.977,30,3.403,0,-1490.216,2.649059,0,2680.898,-27.271,0,0
86,00:00:03.579,3.5804,-10.977,30,3.253,0,-1500,2.378491,0,2553.68,-25.908,0,0
86,00:00:03.580,3.582,-10.977,30,3.253,0,-1500,2.378491,0,2449.296,-34.493,0,0
86,00:00:03.582,3.5836,-10.977,30,3.253,0,-1500,2.378491,0,2432.986,-30.875,0,0
86,00:00:03.584,3.5852,-10.977,30,3.253,0,-1500,2.378491,0,2501.721,-34.492,0,0
86,00:00:03.585,3.5868,-10.977,30,3.103,0,-1500,1.952572,0,2577.096,-32.241,0,0
86,00:00:03.587,3.5884,-10.977,30,3.103,0,-1500,1.952572,0,2602.61,-33.5945,0,0
86,00:00:03.588,3.59,-10.977,30,3.103,0,-1500,1.952572,0,2601.562,-29.082,0,0
86,00:00:03.590,3.5916,-10.977,30,3.028,0,-1500,1.605731,0,2582.921,-30.433,0,0
86,00:00:03.592,3.5932,-10.977,30,2.953,0,-1500,1.25889,0,2571.388,-26.8255,0,0
86,00:00:03.593,3.5948,-10.977,30,2.953,0,-1500,1.25889,0,2546.923,-33.1515,0,0
86,00:00:03.595,3.5964,-10.977,30,2.953,0,-1500,1.25889,0,2510.109,-29.98299,0,0
86,00:00:03.596,3.598,-10.977,30,2.878,0,-1500,0.8121001,0,2475.392,-29.0835,0,0
86,00:00:03.598,3.5996,-10.977,30,2.803,0,-1500,0.3653105,0,2455.121,-27.7225,0,0
86,00:00:03.600,3.6012,-10.977,30,2.803,0,-1500,0.3653105,0,2413.064,-29.982,0,0
86,00:00:03.601,3.6028,-10.977,30,2.803,0,-1500,0.3653105,0,2343.048,-26.8135,0,0
86,00:00:03.603,3.6044,-10.977,30,2.653,0,-1500,0.04337185,0,2282.584,-33.1365,0,0
86,00:00:03.604,3.606,-10.977,30,2.653,0,-1500,0.04337185,0,2246.586,-25.453,0,0
86,00:00:03.606,3.6076,-10.977,30,2.653,0,-1500,0.04337185,0,2208.84,-29.074,0,0
86,00:00:03.608,3.6092,-10.977,30,2.653,0,-1500,0.04337185,0,2160.609,-29.0735,0,0
86,00:00:03.609,3.6108,-10.977,30,2.503,0,-1500,-0.1072574,0,2107.485,-33.5905,0,0
86,00:00:03.611,3.6124,-10.977,30,2.503,0,-1500,-0.1072574,0,2060.885,-25.911,0,0
86,00:00:03.612,3.614,-10.977,30,2.503,0,-1500,-0.1072574,0,1999.373,-23.201,0,0
86,00:00:03.614,3.6156,-10.977,30,2.428,0,-1500,0.04082097,0,1948.346,-20.4935,0,0
86,00:00:03.616,3.6172,-10.977,30,2.353,0,-1500,0.1888993,0,1915.26,-21.841,0,0
86,00:00:03.617,3.6188,-10.977,30,2.353,0,-1500,0.1888993,0,1877.514,-24.5535,0,0
87,00:00:03.619,3.6204,-10.977,30,2.353,0,-1500,0.1888993,0,1840.583,-26.3605,0,0
87,00:00:03.620,3.622,-10.977,30,2.278,0,-1500,0.4797222,0,1787.11,-23.6525,0,0
87,00:00:03.622,3.6236,-10.977,30,2.203,0,-1500,0.7705451,0,1729.442,-24.55,0,0
87,00:00:03.624,3.6252,-10.977,30,2.203,0,-1500,0.7705451,0,1680.396,-19.5845,0,0
87,00:00:03.625,3.6268,-10.977,30,2.203,0,-1500,0.7705451,0,1641.951,-29.9735,0,0
87,00:00:03.627,3.6284,-10.977,30,2.053,0,-1500,1.06373,0,1604.205,-22.2935,0,0
87,00:00:03.628,3.63,-10.977,30,2.053,0,-1500,1.06373,0,1560.517,-25.907,0,0
87,00:00:03.630,3.6316,-10.977,30,2.053,0,-1500,1.06373,0,1537.218,-21.389,0,0
87,00:00:03.632,3.6332,-10.977,30,2.053,0,-1500,1.06373,0,1524.053,-20.035,0,0
87,00:00:03.633,3.6348,-10.977,30,1.903,0,-1500,1.613399,0,1489.219,-24.10751,0,0
87,00:00:03.635,3.6364,-10.977,30,1.903,0,-1500,1.613399,0,1460.211,-26.358,0,0
87,00:00:03.636,3.638,-10.977,30,1.903,0,-1500,1.613399,0,1437.377,-27.2675,0,0
87,00:00:03.638,3.6396,-10.977,30,1.828,0,-1500,1.546563,0,1406.738,-27.722,0,0
87,00:00:03.640,3.6412,-10.977,30,1.753,0,-1500,1.479727,0,1383.67,-24.11301,0,0
87,00:00:03.641,3.6428,-10.977,30,1.753,0,-1500,1.479727,0,1366.661,-26.368,0,0
87,00:00:03.643,3.6444,-10.977,30,1.753,0,-1500,1.479727,0,1382.971,-26.8235,0,0
87,00:00:03.644,3.646,-10.977,30,1.678,0,-1500,1.387189,0,1433.649,-25.91949,0,0
87,00:00:03.646,3.6476,-10.977,30,1.603,0,-1500,1.294651,0,1448.095,-23.6605,0,0
87,00:00:03.648,3.6492,-10.977,30,1.603,0,-1500,1.294651,0,1447.745,-26.8215,0,0
87,00:00:03.649,3.6508,-10.977,30,1.603,0,-1500,1.294651,0,1471.628,-20.945,0,0
87,00:00:03.651,3.6524,-10.977,30,1.453,0,-1500,0.9857179,0,1524.17,-29.528,0,0
87,00:00:03.652,3.654,-10.977,30,1.453,0,-1500,0.9857179,0,1537.334,-25.919,0,0
87,00:00:03.654,3.6556,-10.977,30,1.453,0,-1500,0.9857179,0,1545.372,-29.9795,0,0
87,00:00:03.656,3.6572,-10.977,30,1.453,0,-1500,0.9857179,0,1550.848,-26.816,0,0
87,00:00:03.657,3.6588,-10.977,30,1.303,0,-1500,0.5127604,0,1525.801,-33.592,0,0
87,00:00:03.659,3.6604,-10.977,30,1.303,0,-1500,0.5127604,0,1472.327,-27.7235,0,0
88,00:00:03.660,3.662,-10.977,30,1.303,0,-1500,0.5127604,0,1376.331,-34.047,0,0
88,00:00:03.662,3.6636,-10.977,30,1.228,0,-1500,0.5002312,0,1330.779,-27.721,0,0
88,00:00:03.664,3.6652,-10.977,30,1.153,0,-1500,0.487702,0,1301.188,-28.623,0,0
88,00:00:03.665,3.6668,-10.977,30,1.153,0,-1500,0.487702,0,1288.024,-27.269,0,0
88,00:00:03.667,3.6684,-10.977,30,1.153,0,-1500,0.487702,0,1264.607,-28.1705,0,0
88,00:00:03.668,3.67,-10.977,30,1.078,0,-1500,0.4158522,0,1254.472,-29.52499,0,0
88,00:00:03.670,3.6716,-10.977,30,1.003,0,-1500,0.3440023,0,1262.044,-30.8785,0,0
88,00:00:03.672,3.6732,-10.977,30,1.003,0,-1500,0.3440023,0,1292.218,-31.332,0,0
88,00:00:03.673,3.6748,-10.977,30,1.003,0,-1500,0.3440023,0,1312.023,-28.619,0,0
88,00:00:03.675,3.6764,-10.977,30,0.8529997,0,-1500,0.5506428,0,1330.896,-32.2335,0,0
88,00:00:03.676,3.678,-10.977,30,0.8529997,0,-1500,0.5506428,0,1368.409,-31.783,0,0
88,00:00:03.678,3.6796,-10.977,30,0.8529997,0,-1500,0.5506428,0,1391.243,-29.525,0,0
88,00:00:03.680,3.6812,-10.977,30,0.8529997,0,-1500,0.5506428,0,1414.31,-29.977,0,0
88,00:00:03.681,3.6828,-10.977,30,0.7030001,0,-1500,1.061486,0,1404.641,-32.6835,0,0
88,00:00:03.683,3.6844,-10.977,30,0.7030001,0,-1500,1.061486,0,1404.641,-28.164,0,0
88,00:00:03.684,3.686,-10.977,30,0.7030001,0,-1500,1.061486,0,1402.893,-27.71049,0,0
88,00:00:03.686,3.6876,-10.977,30,0.628,0,-1500,1.1112,0,1418.504,-25.00249,0,0
88,00:00:03.688,3.6892,-10.977,30,0.553,0,-1500,1.160914,0,1401.029,-28.167,0,0
88,00:00:03.689,3.6908,-10.977,30,0.553,0,-1500,1.160914,0,1408.718,-28.6195,0,0
88,00:00:03.691,3.6924,-10.977,30,0.553,0,-1500,1.160914,0,1382.622,-30.875,0,0
88,00:00:03.692,3.694,-10.977,30,0.4779999,0,-1500,1.290604,0,1392.292,-25.9165,0,0
88,00:00:03.694,3.6956,-10.977,30,0.4029999,0,-1500,1.420293,0,1399.165,-29.5315,0,0
88,00:00:03.696,3.6972,-10.977,30,0.4029999,0,-1500,1.420293,0,1413.028,-25.9165,0,0
88,00:00:03.697,3.6988,-10.977,30,0.4029999,0,-1500,1.420293,0,1445.998,-29.531,0,0
88,00:00:03.699,3.7004,-10.977,30,0.2529998,0,-1500,1.248203,0,1497.375,-28.627,0,0
88,00:00:03.700,3.702,-10.977,30,0.2529998,0,-1500,1.248203,0,1553.178,-26.819,0,0
89,00:00:03.702,3.7036,-10.977,30,0.2529998,0,-1500,1.248203,0,1618.418,-25.46201,0,0
89,00:00:03.704,3.7052,-10.977,30,0.2529998,0,-1500,1.248203,0,1634.728,-23.20551,0,0
89,00:00:03.705,3.7068,-10.977,30,0.1029997,0,-1493.354,1.147496,0,1628.903,-27.722,0,0
89,00:00:03.707,3.7084,-10.977,30,0.1029997,0,-1493.354,1.147496,0,1648.941,-21.8455,0,0
89,00:00:03.708,3.71,-10.977,30,0.1029997,0,-1493.354,1.147496,0,1645.446,-20.943,0,0
89,00:00:03.710,3.7116,-10.977,30,0.02949977,0,-1471.2,1.086619,0,1681.561,-22.75201,0,0
89,00:00:03.712,3.7132,-10.977,30,-0.04400015,0,-1449.046,1.025743,0,1679.813,-23.2045,0,0
89,00:00:03.713,3.7148,-10.977,30,-0.04400015,0,-1449.046,1.025743,0,1645.446,-21.849,0,0
89,00:00:03.715,3.7164,-10.977,30,-0.04400015,0,-1449.046,1.025743,0,1600.128,-22.7535,0,0
89,00:00:03.716,3.718,-10.977,30,-0.1145,0,-1413.323,0.9155693,0,1494.578,-23.206,0,0
89,00:00:03.718,3.7196,-10.977,30,-0.1849999,0,-1377.6,0.8053951,0,1465.104,-21.84901,0,0
89,00:00:03.720,3.7212,-10.977,30,-0.1849999,0,-1377.6,0.8053951,0,1427.125,-23.65701,0,0
89,00:00:03.721,3.7228,-10.977,30,-0.1849999,0,-1377.6,0.8053951,0,1462.657,-26.3675,0,0
89,00:00:03.723,3.7244,-10.977,30,-0.3190002,0,-1305.6,0.7958349,0,1455.085,-16.429,0,0
89,00:00:03.724,3.726,-10.977,30,-0.3190002,0,-1305.6,0.7958349,0,1447.745,-20.9475,0,0
89,00:00:03.726,3.7276,-10.977,30,-0.3190002,0,-1305.6,0.7958349,0,1459.862,-20.492,0,0
89,00:00:03.728,3.7292,-10.977,30,-0.3190002,0,-1305.6,0.7958349,0,1431.436,-21.8515,0,0
89,00:00:03.729,3.7308,-10.977,30,-0.4460001,0,-1233.6,0.7724383,0,1403.941,-22.75,0,0
89,00:00:03.731,3.7324,-10.977,30,-0.4460001,0,-1233.6,0.7724383,0,1320.993,-18.682,0,0
89,00:00:03.732,3.734,-10.977,30,-0.4460001,0,-1233.6,0.7724383,0,1321.343,-20.491,0,0
89,00:00:03.734,3.7356,-10.977,30,-0.5055001,0,-1197.6,0.8249183,0,1345.575,-24.554,0,0
89,00:00:03.736,3.7372,-10.977,30,-0.5650001,0,-1161.6,0.8773981,0,1365.613,-20.492,0,0
89,00:00:03.737,3.7388,-10.977,30,-0.5650001,0,-1161.6,0.8773981,0,1361.186,-20.039,0,0
89,00:00:03.739,3.7404,-10.977,30,-0.5650001,0,-1161.6,0.8773981,0,1356.526,-23.652,0,0
89,00:00:03.740,3.742,-10.977,30,-0.6215,0,-1125.6,0.9923556,0,1350.351,-21.843,0,0
89,00:00:03.742,3.7436,-10.977,30,-0.678,0,-1089.6,1.107313,0,1343.129,-21.396,0,0
90,00:00:03.744,3.7452,-10.977,30,-0.678,0,-1089.6,1.107313,0,1324.022,-22.749,0,0
90,00:00:03.745,3.7468,-10.977,30,-0.678,0,-1089.6,1.107313,0,1317.382,-24.558,0,0
90,00:00:03.747,3.7484,-10.977,30,-0.783,0,-1017.601,1.125485,0,1300.723,-19.589,0,0
90,00:00:03.748,3.75,-10.977,30,-0.783,0,-1017.601,1.125485,0,1276.49,-25.0165,0,0
90,00:00:03.750,3.7516,-10.977,30,-0.783,0,-1017.601,1.125485,0,1276.49,-22.752,0,0
90,00:00:03.752,3.7532,-10.977,30,-0.783,0,-1017.601,1.125485,0,1262.744,-24.1055,0,0
90,00:00:03.753,3.7548,-10.977,30,-0.881,0,-945.6002,1.222479,0,1244.453,-22.752,0,0
90,00:00:03.755,3.7564,-10.977,30,-0.881,0,-945.6002,1.222479,0,1215.445,-27.26649,0,0
90,00:00:03.756,3.758,-10.977,30,-0.881,0,-945.6002,1.222479,0,1178.164,-24.55801,0,0
90,00:00:03.758,3.7596,-10.977,30,-0.9260001,0,-909.6002,1.156225,0,1149.156,-26.3605,0,0
90,00:00:03.760,3.7612,-10.977,30,-0.9710002,0,-873.6002,1.089971,0,1129.817,-27.26849,0,0
90,00:00:03.761,3.7628,-10.977,30,-0.9710002,0,-873.6002,1.089971,0,1128.069,-26.3675,0,0
90,00:00:03.763,3.7644,-10.977,30,-0.9710002,0,-873.6002,1.089971,0,1105.352,-25.4595,0,0
90,00:00:03.764,3.766,-10.977,30,-1.013,0,-837.6003,1.029473,0,1030.442,-26.818,0,0
90,00:00:03.766,3.7676,-10.977,30,-1.055,0,-801.6003,0.968976,0,983.959,-30.884,0,0
90,00:00:03.768,3.7692,-10.977,30,-1.055,0,-801.6003,0.968976,0,995.609,-32.6885,0,0
90,00:00:03.769,3.7708,-10.977,30,-1.055,0,-801.6003,0.968976,0,1008.541,-25.464,0,0
90,00:00:03.771,3.7724,-10.977,30,-1.131,0,-729.6002,0.9308699,0,1013.433,-29.97701,0,0
90,00:00:03.772,3.774,-10.977,30,-1.131,0,-729.6002,0.9308699,0,1015.181,-27.7235,0,0
90,00:00:03.774,3.7756,-10.977,30,-1.131,0,-729.6002,0.9308699,0,1017.744,-29.07249,0,0
90,00:00:03.776,3.7772,-10.977,30,-1.131,0,-729.6002,0.9308699,0,1006.211,-25.461,0,0
90,00:00:03.777,3.7788,-10.977,30,-1.2,0,-657.6002,0.7730997,0,966.018,-28.6245,0,0
90,00:00:03.779,3.7804,-10.977,30,-1.2,0,-657.6002,0.7730997,0,882.4875,-29.523,0,0
90,00:00:03.780,3.782,-10.977,30,-1.2,0,-657.6002,0.7730997,0,842.4115,-27.71799,0,0
90,00:00:03.782,3.7836,-10.977,30,-1.231,0,-621.6002,0.7665834,0,838.101,-29.9745,0,0
90,00:00:03.784,3.7852,-10.977,30,-1.262,0,-585.6002,0.7600672,0,851.615,-28.62,0,0
91,00:00:03.785,3.7868,-10.977,30,-1.262,0,-585.6002,0.7600672,0,860.236,-28.1715,0,0
91,00:00:03.787,3.7884,-10.977,30,-1.262,0,-585.6002,0.7600672,0,865.0125,-26.81,0,0
91,00:00:03.788,3.79,-10.977,30,-1.2895,0,-549.6002,0.7234381,0,864.663,-30.429,0,0
91,00:00:03.790,3.7916,-10.977,30,-1.317,0,-513.6003,0.6868092,0,870.7209,-32.23251,0,0
91,00:00:03.792,3.7932,-10.977,30,-1.317,0,-513.6003,0.6868092,0,869.323,-31.3315,0,0
91,00:00:03.793,3.7948,-10.977,30,-1.317,0,-513.6003,0.6868092,0,868.624,-29.526,0,0
91,00:00:03.795,3.7964,-10.977,30,-1.365,0,-441.6003,0.7575649,0,856.042,-29.52149,0,0
91,00:00:03.796,3.798,-10.977,30,-1.365,0,-441.6003,0.7575649,0,840.431,-31.7865,0,0
91,00:00:03.798,3.7996,-10.977,30,-1.365,0,-441.6003,0.7575649,0,824.2375,-31.783,0,0
91,00:00:03.800,3.8012,-10.977,30,-1.365,0,-441.6003,0.7575649,0,811.4225,-36.299,0,0
91,00:00:03.801,3.8028,-10.977,30,-1.405,0,-369.6004,1.025195,0,800.588,-33.13699,0,0
91,00:00:03.803,3.8044,-10.977,30,-1.405,0,-369.6004,1.025195,0,787.4235,-38.5575,0,0
91,00:00:03.804,3.806,-10.977,30,-1.405,0,-369.6004,1.025195,0,779.0355,-35.39999,0,0
91,00:00:03.806,3.8076,-10.977,30,-1.4215,0,-333.6003,0.9345181,0,768.434,-32.682,0,0
91,00:00:03.808,3.8092,-10.977,30,-1.438,0,-297.6002,0.8438407,0,759.2305,-32.68449,0,0
91,00:00:03.809,3.8108,-10.977,30,-1.438,0,-297.6002,0.8438407,0,747.231,-30.883,0,0
91,00:00:03.811,3.8124,-10.977,30,-1.438,0,-297.6002,0.8438407,0,735.814,-35.8485,0,0
91,00:00:03.812,3.814,-10.977,30,-1.451,0,-261.6002,0.8406968,0,723.1155,-33.592,0,0
91,00:00:03.814,3.8156,-10.977,30,-1.464,0,-225.6002,0.837553,0,709.718,-30.8805,0,0
91,00:00:03.816,3.8172,-10.977,30,-1.464,0,-225.6002,0.837553,0,698.068,-36.756,0,0
91,00:00:03.817,3.8188,-10.977,30,-1.464,0,-225.6002,0.837553,0,687.816,-32.694,0,0
91,00:00:03.819,3.8204,-10.977,30,-1.483,0,-153.6002,0.7727548,0,674.7679,-34.0475,0,0
91,00:00:03.820,3.822,-10.977,30,-1.483,0,-153.6002,0.7727548,0,661.6035,-33.14751,0,0
91,00:00:03.822,3.8236,-10.977,30,-1.483,0,-153.6002,0.7727548,0,647.274,-31.33749,0,0
91,00:00:03.824,3.8252,-10.977,30,-1.483,0,-153.6002,0.7727548,0,632.2455,-32.243,0,0
91,00:00:03.825,3.8268,-10.977,30,-1.494,0,-81.60031,0.6563898,0,617.45,-33.59451,0,0
92,00:00:03.827,3.8284,-10.977,30,-1.494,0,-81.60031,0.6563898,0,602.771,-34.0455,0,0
92,00:00:03.828,3.83,-10.977,30,-1.494,0,-81.60031,0.6563898,0,586.927,-34.5,0,0
92,00:00:03.830,3.8316,-10.977,30,-1.4965,0,-51.46172,0.7262592,0,572.947,-32.239,0,0
92,00:00:03.832,3.8332,-10.977,30,-1.499,0,-21.32314,0.7961286,0,558.501,-32.239,0,0
92,00:00:03.833,3.8348,-10.977,30,-1.499,0,-21.32314,0.7961286,0,548.016,-29.529,0,0
92,00:00:03.835,3.8364,-10.977,30,-1.499,0,-21.32314,0.7961286,0,534.036,-32.236,0,0
92,00:00:03.836,3.838,-10.977,30,-1.499,0,-2.400057,0.6862319,0,503.28,-32.69051,0,0
92,00:00:03.838,3.8396,-10.977,30,-1.499,0,16.52302,0.5763352,0,460.7575,-30.888,0,0
92,00:00:03.840,3.8412,-10.977,30,-1.499,0,16.52302,0.5763352,0,416.138,-29.9715,0,0
92,00:00:03.841,3.8428,-10.977,30,-1.499,0,16.52302,0.5763352,0,379.79,-26.82101,0,0
92,00:00:03.843,3.8444,-10.977,30,-1.496,0,74.40008,0.7686878,0,328.53,-29.5235,0,0
92,00:00:03.844,3.846,-10.977,30,-1.496,0,74.40008,0.7686878,0,285.192,-28.1745,0,0
92,00:00:03.846,3.8476,-10.977,30,-1.496,0,74.40008,0.7686878,0,231.136,-24.09949,0,0
92,00:00:03.848,3.8492,-10.977,30,-1.496,0,74.40008,0.7686878,0,169.9735,-27.262,0,0
92,00:00:03.849,3.8508,-10.977,30,-1.484,0,146.4,0.6103247,0,107.7625,-29.981,0,0
92,00:00:03.851,3.8524,-10.977,30,-1.484,0,146.4,0.6103247,0,18.7565,-27.26299,0,0
92,00:00:03.852,3.854,-10.977,30,-1.484,0,146.4,0.6103247,0,-87.841,-25.464,0,0
92,00:00:03.854,3.8556,-10.977,30,-1.475,0,182.4,0.6834707,0,-223.913,-27.7185,0,0
92,00:00:03.856,3.8572,-10.977,30,-1.466,0,218.4,0.7566167,0,-367.3245,-28.624,0,0
92,00:00:03.857,3.8588,-10.977,30,-1.466,0,218.4,0.7566167,0,-503.979,-33.5905,0,0
92,00:00:03.859,3.8604,-10.977,30,-1.466,0,218.4,0.7566167,0,-577.141,-30.876,0,0
92,00:00:03.860,3.862,-10.977,30,-1.453,0,254.4,0.8414286,0,-565.6075,-30.875,0,0
92,00:00:03.862,3.8636,-10.977,30,-1.44,0,290.3999,0.9262406,0,-549.5305,-30.427,0,0
92,00:00:03.864,3.8652,-10.977,30,-1.44,0,290.3999,0.9262406,0,-535.201,-30.424,0,0
92,00:00:03.865,3.8668,-10.977,30,-1.44,0,290.3999,0.9262406,0,-529.0265,-31.331,0,0
92,00:00:03.867,3.8684,-10.977,30,-1.407,0,362.4001,0.8669779,0,-523.085,-28.615,0,0
93,00:00:03.868,3.87,-10.977,30,-1.407,0,362.4001,0.8669779,0,-521.454,-23.6545,0,0
93,00:00:03.870,3.8716,-10.977,30,-1.407,0,362.4001,0.8669779,0,-519.124,-30.8795,0,0
93,00:00:03.872,3.8732,-10.977,30,-1.407,0,362.4001,0.8669779,0,-516.2114,-30.881,0,0
93,00:00:03.873,3.8748,-10.977,30,-1.367,0,434.4,1.007269,0,-516.4445,-36.7505,0,0
93,00:00:03.875,3.8764,-10.977,30,-1.367,0,434.4,1.007269,0,-521.8035,-31.334,0,0
93,00:00:03.876,3.878,-10.977,30,-1.367,0,434.4,1.007269,0,-529.842,-35.4015,0,0
93,00:00:03.878,3.8796,-10.977,30,-1.3435,0,470.4,0.9313326,0,-543.356,-26.8145,0,0
93,00:00:03.880,3.8812,-10.977,30,-1.32,0,506.4,0.8553966,0,-552.3265,-28.619,0,0
93,00:00:03.881,3.8828,-10.977,30,-1.32,0,506.4,0.8553966,0,-563.9765,-29.52599,0,0
93,00:00:03.883,3.8844,-10.977,30,-1.32,0,506.4,0.8553966,0,-575.6265,-34.496,0,0
93,00:00:03.884,3.886,-10.977,30,-1.2925,0,542.4,0.8521805,0,-603.004,-34.4985,0,0
93,00:00:03.886,3.8876,-10.977,30,-1.265,0,578.4,0.8489645,0,-628.8669,-36.3055,0,0
93,00:00:03.888,3.8892,-10.977,30,-1.265,0,578.4,0.8489645,0,-651.701,-32.69099,0,0
93,00:00:03.889,3.8908,-10.977,30,-1.265,0,578.4,0.8489645,0,-675.933,-32.6865,0,0
93,00:00:03.891,3.8924,-10.977,30,-1.204,0,650.4,0.901208,0,-707.9705,-31.3335,0,0
93,00:00:03.892,3.894,-10.977,30,-1.204,0,650.4,0.901208,0,-737.5615,-32.6895,0,0
93,00:00:03.894,3.8956,-10.977,30,-1.204,0,650.4,0.901208,0,-768.667,-31.785,0,0
93,00:00:03.896,3.8972,-10.977,30,-1.204,0,650.4,0.901208,0,-789.0544,-30.429,0,0
93,00:00:03.897,3.8988,-10.977,30,-1.135,0,722.4,0.7932233,0,-815.6165,-26.365,0,0
93,00:00:03.899,3.9004,-10.977,30,-1.135,0,722.4,0.7932233,0,-848.353,-32.239,0,0
93,00:00:03.900,3.902,-10.977,30,-1.135,0,722.4,0.7932233,0,-873.517,-29.982,0,0
93,00:00:03.902,3.9036,-10.977,30,-1.097,0,758.4,0.806291,0,-897.516,-27.2685,0,0
93,00:00:03.904,3.9052,-10.977,30,-1.059,0,794.4,0.8193588,0,-922.3305,-26.3665,0,0
93,00:00:03.905,3.9068,-10.977,30,-1.059,0,794.4,0.8193588,0,-955.1835,-25.91451,0,0
93,00:00:03.907,3.9084,-10.977,30,-1.059,0,794.4,0.8193588,0,-961.4745,-21.394,0,0
93,00:00:03.908,3.91,-10.977,30,-1.017,0,830.4001,0.8214622,0,-963.921,-26.35999,0,0
94,00:00:03.910,3.9116,-10.977,30,-0.9749999,0,866.4001,0.8235657,0,-966.7169,-21.844,0,0
94,00:00:03.912,3.9132,-10.977,30,-0.9749999,0,866.4001,0.8235657,0,-987.92,-28.6205,0,0
94,00:00:03.913,3.9148,-10.977,30,-0.9749999,0,866.4001,0.8235657,0,-1008.773,-23.198,0,0
94,00:00:03.915,3.9164,-10.977,30,-0.8850002,0,938.4,0.9864466,0,-1048.267,-21.8405,0,0
94,00:00:03.916,3.918,-10.977,30,-0.8850002,0,938.4,0.9864466,0,-1075.062,-20.944,0,0
94,00:00:03.918,3.9196,-10.977,30,-0.8850002,0,938.4,0.9864466,0,-1107.449,-22.293,0,0
94,00:00:03.920,3.9212,-10.977,30,-0.8850002,0,938.4,0.9864466,0,-1120.38,-20.0355,0,0
94,00:00:03.921,3.9228,-10.977,30,-0.7870002,0,1010.4,1.101706,0,-1149.272,-23.654,0,0
94,00:00:03.923,3.9244,-10.977,30,-0.7870002,0,1010.4,1.101706,0,-1163.951,-21.393,0,0
94,00:00:03.924,3.926,-10.977,30,-0.7870002,0,1010.4,1.101706,0,-1176.65,-20.488,0,0
94,00:00:03.926,3.9276,-10.977,30,-0.7345002,0,1046.4,1.105823,0,-1205.775,-15.976,0,0
94,00:00:03.928,3.9292,-10.977,30,-0.6820002,0,1082.4,1.109939,0,-1218.707,-19.5885,0,0
94,00:00:03.929,3.9308,-10.977,30,-0.6820002,0,1082.4,1.109939,0,-1218.24,-15.9725,0,0
94,00:00:03.931,3.9324,-10.977,30,-0.6820002,0,1082.4,1.109939,0,-1244.104,-24.56001,0,0
94,00:00:03.932,3.934,-10.977,30,-0.6260002,0,1118.4,1.12671,0,-1225.813,-20.0405,0,0
94,00:00:03.934,3.9356,-10.977,30,-0.5700002,0,1154.4,1.143481,0,-1214.047,-21.39249,0,0
94,00:00:03.936,3.9372,-10.977,30,-0.5700002,0,1154.4,1.143481,0,-1214.163,-18.688,0,0
94,00:00:03.937,3.9388,-10.977,30,-0.5700002,0,1154.4,1.143481,0,-1217.425,-25.4575,0,0
94,00:00:03.939,3.9404,-10.977,30,-0.4510002,0,1226.4,1.052027,0,-1192.028,-14.6195,0,0
94,00:00:03.940,3.942,-10.977,30,-0.4510002,0,1226.4,1.052027,0,-1170.941,-20.9425,0,0
94,00:00:03.942,3.9436,-10.977,30,-0.4510002,0,1226.4,1.052027,0,-1192.61,-17.78101,0,0
94,00:00:03.944,3.9452,-10.977,30,-0.4510002,0,1226.4,1.052027,0,-1188.999,-22.7545,0,0
94,00:00:03.945,3.9468,-10.977,30,-0.3250003,0,1298.4,0.9691011,0,-1175.485,-20.037,0,0
94,00:00:03.947,3.9484,-10.977,30,-0.3250003,0,1298.4,0.9691011,0,-1195.756,-20.0405,0,0
94,00:00:03.948,3.95,-10.977,30,-0.3250003,0,1298.4,0.9691011,0,-1231.405,-21.3965,0,0
94,00:00:03.950,3.9516,-10.977,30,-0.2580001,0,1334.4,1.003896,0,-1285.694,-24.5545,0,0
95,00:00:03.952,3.9532,-10.977,30,-0.191,0,1370.4,1.03869,0,-1339.051,-18.23601,0,0
95,00:00:03.953,3.9548,-10.977,30,-0.191,0,1370.4,1.03869,0,-1390.427,-20.941,0,0
95,00:00:03.955,3.9564,-10.977,30,-0.191,0,1370.4,1.03869,0,-1449.726,-18.2365,0,0
95,00:00:03.956,3.958,-10.977,30,-0.1205001,0,1406.123,1.002,0,-1500.753,-23.201,0,0
95,00:00:03.958,3.9596,-10.977,30,-0.05000019,0,1441.846,0.9653091,0,-1546.537,-23.656,0,0
95,00:00:03.960,3.9612,-10.977,30,-0.05000019,0,1441.846,0.9653091,0,-1554.693,-32.6865,0,0
95,00:00:03.961,3.9628,-10.977,30,-0.05000019,0,1441.846,0.9653091,0,-1425.261,-27.7185,0,0
95,00:00:03.963,3.9644,-10.977,30,0.09699965,0,1490.216,1.07575,0,-1294.897,-20.0345,0,0
95,00:00:03.964,3.966,-10.977,30,0.09699965,0,1490.216,1.07575,0,-1263.093,-16.4255,0,0
95,00:00:03.966,3.9676,-10.977,30,0.09699965,0,1490.216,1.07575,0,-1249.113,-26.36,0,0
95,00:00:03.968,3.9692,-10.977,30,0.09699965,0,1490.216,1.07575,0,-1268.219,-22.7445,0,0
95,00:00:03.969,3.9708,-10.977,30,0.2469997,0,1500,1.006045,0,-1309.46,-18.23251,0,0
95,00:00:03.971,3.9724,-10.977,30,0.2469997,0,1500,1.006045,0,-1366.661,-18.228,0,0
95,00:00:03.972,3.974,-10.977,30,0.2469997,0,1500,1.006045,0,-1415.708,-22.7495,0,0
95,00:00:03.974,3.9756,-10.977,30,0.3219998,0,1500,1.047956,0,-1440.289,-27.717,0,0
95,00:00:03.976,3.9772,-10.977,30,0.3969998,0,1500,1.089867,0,-1463.007,-30.427,0,0
95,00:00:03.977,3.9788,-10.977,30,0.3969998,0,1500,1.089867,0,-1480.249,-29.978,0,0
95,00:00:03.979,3.9804,-10.977,30,0.3969998,0,1500,1.089867,0,-1481.414,-28.617,0,0
95,00:00:03.980,3.982,-10.977,30,0.4719999,0,1500,1.150035,0,-1484.56,-19.587,0,0
95,00:00:03.982,3.9836,-10.977,30,0.5469999,0,1500,1.210202,0,-1473.026,-27.2605,0,0
95,00:00:03.984,3.9852,-10.977,30,0.5469999,0,1500,1.210202,0,-1466.502,-25.46201,0,0
95,00:00:03.985,3.9868,-10.977,30,0.5469999,0,1500,1.210202,0,-1442.969,-34.039,0,0
95,00:00:03.987,3.9884,-10.977,30,0.697,0,1500,1.155,0,-1414.077,-26.812,0,0
95,00:00:03.988,3.99,-10.977,30,0.697,0,1500,1.155,0,-1418.504,-25.009,0,0
95,00:00:03.990,3.9916,-10.977,30,0.697,0,1500,1.155,0,-1418.504,-24.5545,0,0
95,00:00:03.992,3.9932,-10.977,30,0.697,0,1500,1.155,0,-1390.893,-31.332,0,0
96,00:00:03.993,3.9948,-10.977,30,0.8469996,0,1500,1.20629,0,-1313.654,-29.525,0,0
96,00:00:03.995,3.9964,-10.977,30,0.8469996,0,1500,1.20629,0,-1273.578,-29.5255,0,0
96,00:00:03.996,3.998,-10.977,30,0.8469996,0,1500,1.20629,0,-1252.025,-29.9785,0,0
96,00:00:03.998,3.9996,-10.977,30,0.9219997,0,1500,1.111339,0,-1211.367,-29.072,0,0
96,00:00:04.000,4.0012,-10.977,30,0.9969997,0,1500,1.016388,0,-1156.146,-26.3625,0,0
96,00:00:04.001,4.0028,-10.977,30,0.9969997,0,1500,1.016388,0,-1103.721,-27.7205,0,0
96,00:00:04.003,4.0044,-10.977,30,0.9969997,0,1500,1.016388,0,-1072.732,-25.912,0,0
96,00:00:04.004,4.006,-10.977,30,1.072,0,1500,0.9737269,0,-1043.607,-32.235,0,0
96,00:00:04.006,4.0076,-10.977,30,1.147,0,1500,0.9310658,0,-1035.918,-21.396,0,0
96,00:00:04.008,4.0092,-10.977,30,1.147,0,1500,0.9310658,0,-1012.618,-29.0745,0,0
96,00:00:04.009,4.0108,-10.977,30,1.147,0,1500,0.9310658,0,-981.5125,-29.53049,0,0
96,00:00:04.011,4.0124,-10.977,30,1.297,0,1500,0.919534,0,-941.3199,-30.4275,0,0
96,00:00:04.012,4.014,-10.977,30,1.297,0,1500,0.919534,0,-905.5544,-26.3675,0,0
96,00:00:04.014,4.0156,-10.977,30,1.297,0,1500,0.919534,0,-886.9145,-28.6205,0,0
96,00:00:04.016,4.0172,-10.977,30,1.297,0,1500,0.919534,0,-869.556,-25.4585,0,0
96,00:00:04.017,4.0188,-10.977,30,1.447,0,1500,0.7538401,0,-874.915,-26.3625,0,0
96,00:00:04.019,4.0204,-10.977,30,1.447,0,1500,0.7538401,0,-905.205,-20.9395,0,0
96,00:00:04.020,4.022,-10.977,30,1.447,0,1500,0.7538401,0,-940.3879,-25.912,0,0
96,00:00:04.022,4.0236,-10.977,30,1.522,0,1500,0.7572992,0,-955.6495,-22.2955,0,0
96,00:00:04.024,4.0252,-10.977,30,1.597,0,1500,0.7607583,0,-954.601,-26.363,0,0
96,00:00:04.025,4.0268,-10.977,30,1.597,0,1500,0.7607583,0,-947.145,-28.173,0,0
96,00:00:04.027,4.0284,-10.977,30,1.597,0,1500,0.7607583,0,-955.6495,-29.979,0,0
96,00:00:04.028,4.03,-10.977,30,1.672,0,1500,0.7096559,0,-982.2115,-25.464,0,0
96,00:00:04.030,4.0316,-10.977,30,1.747,0,1500,0.6585535,0,-1027.88,-22.7495,0,0
96,00:00:04.032,4.0332,-10.977,30,1.747,0,1500,0.6585535,0,-1046.52,-23.656,0,0
96,00:00:04.033,4.0348,-10.977,30,1.747,0,1500,0.6585535,0,-1042.093,-27.2645,0,0
97,00:00:04.035,4.0364,-10.977,30,1.897,0,1500,0.7672704,0,-1029.161,-23.2015,0,0
97,00:00:04.036,4.038,-10.977,30,1.897,0,1500,0.7672704,0,-1013.55,-25.9095,0,0
97,00:00:04.038,4.0396,-10.977,30,1.897,0,1500,0.7672704,0,-1005.745,-20.037,0,0
97,00:00:04.040,4.0412,-10.977,30,1.897,0,1500,0.7672704,0,-1016.579,-22.7465,0,0
97,00:00:04.041,4.0428,-10.977,30,2.047,0,1500,1.028586,0,-1048.5,-21.394,0,0
97,00:00:04.043,4.0444,-10.977,30,2.047,0,1500,1.028586,0,-1073.664,-23.2005,0,0
97,00:00:04.044,4.046,-10.977,30,2.047,0,1500,1.028586,0,-1084.382,-24.5565,0,0
97,00:00:04.046,4.0476,-10.977,30,2.122,0,1500,1.012146,0,-1091.139,-25.011,0,0
97,00:00:04.048,4.0492,-10.977,30,2.197,0,1500,0.9957069,0,-1097.081,-22.2985,0,0
97,00:00:04.049,4.0508,-10.977,30,2.197,0,1500,0.9957069,0,-1105.469,-27.26801,0,0
97,00:00:04.051,4.0524,-10.977,30,2.197,0,1500,0.9957069,0,-1113.041,-23.199,0,0
97,00:00:04.052,4.054,-10.977,30,2.272,0,1500,1.027022,0,-1134.943,-30.8855,0,0
97,00:00:04.054,4.0556,-10.977,30,2.347,0,1500,1.058338,0,-1160.573,-25.913,0,0
97,00:00:04.056,4.0572,-10.977,30,2.347,0,1500,1.058338,0,-1182.592,-25.912,0,0
97,00:00:04.057,4.0588,-10.977,30,2.347,0,1500,1.058338,0,-1206.357,-24.1075,0,0
97,00:00:04.059,4.0604,-10.977,30,2.497,0,1500,0.9452378,0,-1216.26,-23.653,0,0
97,00:00:04.060,4.062,-10.977,30,2.497,0,1500,0.9452378,0,-1234.9,-27.2745,0,0
97,00:00:04.062,4.0636,-10.977,30,2.497,0,1500,0.9452378,0,-1262.394,-33.138,0,0
97,00:00:04.064,4.0652,-10.977,30,2.497,0,1500,0.9452378,0,-1309.926,-24.5605,0,0
97,00:00:04.065,4.0668,-10.977,30,2.647,0,1500,0.8802308,0,-1343.944,-32.6865,0,0
97,00:00:04.067,4.0684,-10.977,30,2.647,0,1500,0.8802308,0,-1378.312,-26.363,0,0
97,00:00:04.068,4.07,-10.977,30,2.647,0,1500,0.8802308,0,-1412.912,-28.1715,0,0
97,00:00:04.070,4.0716,-10.977,30,2.722,0,1500,0.9014195,0,-1459.046,-29.97299,0,0
97,00:00:04.072,4.0732,-10.977,30,2.796999,0,1500,0.9226083,0,-1514.267,-29.979,0,0
97,00:00:04.073,4.0748,-10.977,30,2.796999,0,1500,0.9226083,0,-1567.158,-29.52551,0,0
97,00:00:04.075,4.0764,-10.977,30,2.796999,0,1500,0.9226083,0,-1618.185,-29.526,0,0
98,00:00:04.076,4.078,-10.977,30,2.872,0,1500,0.850482,0,-1664.086,-29.97701,0,0
98,00:00:04.078,4.0796,-10.977,30,2.947,0,1500,0.7783557,0,-1722.685,-25.462,0,0
98,00:00:04.080,4.0812,-10.977,30,2.947,0,1500,0.7783557,0,-1769.052,-28.6245,0,0
98,00:00:04.081,4.0828,-10.977,30,2.947,0,1500,0.7783557,0,-1821.478,-26.362,0,0
98,00:00:04.083,4.0844,-10.977,30,3.097,0,1500,0.7942838,0,-1883.222,-27.717,0,0
98,00:00:04.084,4.086,-10.977,30,3.097,0,1500,0.7942838,0,-1932.502,-31.784,0,0
98,00:00:04.086,4.0876,-10.977,30,3.097,0,1500,0.7942838,0,-1985.859,-32.6875,0,0
98,00:00:04.088,4.0892,-10.977,30,3.097,0,1500,0.7942838,0,-2060.069,-27.713,0,0
98,00:00:04.089,4.0908,-10.977,30,3.247,0,1500,0.7177207,0,-2137.309,-29.069,0,0
98,00:00:04.091,4.0924,-10.977,30,3.247,0,1500,0.7177207,0,-2208.84,-27.71,0,0
98,00:00:04.092,4.094,-10.977,30,3.247,0,1500,0.7177207,0,-2291.671,-25.9095,0,0
98,00:00:04.094,4.0956,-10.977,30,3.322,0,1500,0.7675461,0,-2384.289,-29.519,0,0
98,00:00:04.096,4.0972,-10.977,30,3.397,0,1500,0.8173714,0,-2480.867,-28.168,0,0
98,00:00:04.097,4.0988,-10.977,30,3.397,0,1500,0.8173714,0,-2587.348,-27.26701,0,0
98,00:00:04.099,4.1004,-10.977,30,3.397,0,1500,0.8173714,0,-2697.208,-30.8765,0,0
98,00:00:04.100,4.102,-10.977,30,3.472,0,1500,0.9860852,0,-2805.903,-32.6915,0,0
98,00:00:04.102,4.1036,-10.977,30,3.546999,0,1500,1.154799,0,-2900.151,-33.5875,0,0
98,00:00:04.104,4.1052,-10.977,30,3.546999,0,1500,1.154799,0,-2994.05,-31.335,0,0
98,00:00:04.105,4.1068,-10.977,30,3.546999,0,1500,1.154799,0,-3078.163,-30.8795,0,0
98,00:00:04.107,4.1084,-10.977,30,3.697,0,1500,1.17466,0,-3169.615,-24.5565,0,0
98,00:00:04.108,4.11,-10.977,30,3.697,0,1500,1.17466,0,-3268.874,-24.1075,0,0
98,00:00:04.110,4.1116,-10.977,30,3.697,0,1500,1.17466,0,-3363.122,-24.5535,0,0
98,00:00:04.112,4.1132,-10.977,30,3.697,0,1500,1.17466,0,-3469.952,-27.7215,0,0
98,00:00:04.113,4.1148,-10.977,30,3.847,0,1500,1.247316,0,-3575.152,-33.5915,0,0
98,00:00:04.115,4.1164,-10.977,30,3.847,0,1500,1.247316,0,-3691.07,-29.979,0,0
98,00:00:04.116,4.118,-10.977,30,3.847,0,1500,1.247316,0,-3806.637,-30.4285,0,0
99,00:00:04.118,4.1196,-10.977,30,3.922,0,1500,1.223513,0,-3928.846,-29.531,0,0
99,00:00:04.120,4.1212,-10.977,30,3.997,0,1500,1.19971,0,-4044.181,-31.33549,0,0
99,00:00:04.121,4.1228,-10.977,30,3.997,0,1500,1.19971,0,-4166.622,-36.7565,0,0
99,00:00:04.123,4.1244,-10.977,30,3.997,0,1500,1.19971,0,-4291.394,-29.074,0,0
99,00:00:04.124,4.126,-10.977,30,4.072,0,1500,1.229232,0,-4424.437,-33.59,0,0
99,00:00:04.126,4.1276,-10.977,30,4.147,0,1500,1.258753,0,-4558.412,-30.884,0,0
99,00:00:04.128,4.1292,-10.977,30,4.147,0,1500,1.258753,0,-4676.077,-32.6835,0,0
99,00:00:04.129,4.1308,-10.977,30,4.147,0,1500,1.258753,0,-4782.208,-34.0495,0,0
99,00:00:04.131,4.1324,-10.977,30,4.296999,0,1500,1.350057,0,-4873.078,-29.974,0,0
99,00:00:04.132,4.134,-10.977,30,4.296999,0,1500,1.350057,0,-4953.58,-26.819,0,0
99,00:00:04.134,4.1356,-10.977,30,4.296999,0,1500,1.350057,0,-5020.801,-29.979,0,0
99,00:00:04.136,4.1372,-10.977,30,4.296999,0,1500,1.350057,0,-5086.273,-30.4285,0,0
99,00:00:04.137,4.1388,-10.977,30,4.447,0,1500,1.233584,0,-5143.358,-31.79,0,0
99,00:00:04.139,4.1404,-10.977,30,4.447,0,1500,1.233584,0,-5191.473,-31.7815,0,0
99,00:00:04.140,4.142,-10.977,30,4.447,0,1500,1.233584,0,-5227.122,-33.1445,0,0
99,00:00:04.142,4.1436,-10.977,30,4.522,0,1500,1.378936,0,-5264.868,-31.7785,0,0
99,00:00:04.144,4.1452,-10.977,30,4.597,0,1500,1.524288,0,-5311.817,-27.7205,0,0
99,00:00:04.145,4.1468,-10.977,30,4.597,0,1500,1.524288,0,-5345.02,-31.3315,0,0
99,00:00:04.147,4.1484,-10.977,30,4.597,0,1500,1.524288,0,-5383.348,-25.911,0,0
99,00:00:04.148,4.15,-10.977,30,4.672,0,1500,1.491715,0,-5423.075,-25.9095,0,0
99,00:00:04.150,4.1516,-10.977,30,4.747,0,1500,1.459142,0,-5459.889,-26.358,0,0
99,00:00:04.152,4.1532,-10.977,30,4.747,0,1500,1.459142,0,-5497.285,-27.269,0,0
99,00:00:04.153,4.1548,-10.977,30,4.747,0,1500,1.459142,0,-5527.575,-31.78,0,0
99,00:00:04.155,4.1564,-10.977,30,4.897,0,1500,1.597904,0,-5561.127,-30.4325,0,0
99,00:00:04.156,4.158,-10.977,30,4.897,0,1500,1.597904,0,-5610.989,-34.4895,0,0
99,00:00:04.158,4.1596,-10.977,30,4.897,0,1500,1.597904,0,-5657.007,-26.36449,0,0
100,00:00:04.160,4.1612,-10.977,30,4.897,0,1500,1.597904,0,-5698.132,-29.069,0,0
100,00:00:04.161,4.1628,-10.977,30,5.046999,0,1500,1.720217,0,-5740.537,-26.8125,0,0
100,00:00:04.163,4.1644,-10.977,30,5.046999,0,1500,1.720217,0,-5782.244,-31.3285,0,0
100,00:00:04.164,4.166,-10.977,30,5.046999,0,1500,1.720217,0,-5819.641,-30.877,0,0
100,00:00:04.166,4.1676,-10.977,30,5.122,0,1500,1.632584,0,-5867.639,-34.043,0,0
100,00:00:04.168,4.1692,-10.977,30,5.197,0,1500,1.54495,0,-5909.229,-27.7095,0,0
100,00:00:04.169,4.1708,-10.977,30,5.197,0,1500,1.54495,0,-5954.548,-32.2385,0,0
100,00:00:04.171,4.1724,-10.977,30,5.197,0,1500,1.54495,0,-5984.488,-31.7785,0,0
100,00:00:04.172,4.174,-10.977,30,5.272,0,1500,1.662635,0,-6020.37,-32.23949,0,0
100,00:00:04.174,4.1756,-10.977,30,5.347,0,1500,1.780319,0,-6065.106,-32.6865,0,0
100,00:00:04.176,4.1772,-10.977,30,5.347,0,1500,1.780319,0,-6107.046,-32.2345,0,0
100,00:00:04.177,4.1788,-10.977,30,5.347,0,1500,1.780319,0,-6150.035,-28.62399,0,0
100,00:00:04.179,4.1804,-10.977,30,5.497,0,1500,1.57084,0,-6191.625,-27.71349,0,0
100,00:00:04.180,4.182,-10.977,30,5.497,0,1500,1.57084,0,-6236.478,-30.4325,0,0
100,00:00:04.182,4.1836,-10.977,30,5.497,0,1500,1.57084,0,-6274.224,-33.5845,0,0
100,00:00:04.184,4.1852,-10.977,30,5.497,0,1500,1.57084,0,-6314.999,-28.6215,0,0
100,00:00:04.185,4.1868,-10.977,30,5.647,0,1500,1.597979,0,-6350.065,-32.684,0,0
100,00:00:04.187,4.1884,-10.977,30,5.647,0,1500,1.597979,0,-6388.161,-27.266,0,0
100,00:00:04.188,4.19,-10.977,30,5.647,0,1500,1.597979,0,-6430.684,-29.526,0,0
100,00:00:04.190,4.1916,-10.977,30,5.722,0,1500,1.617509,0,-6450.954,-31.782,0,0
100,00:00:04.192,4.1932,-10.977,30,5.796999,0,1500,1.637039,0,-6483.341,-28.626,0,0
100,00:00:04.193,4.1948,-10.977,30,5.796999,0,1500,1.637039,0,-6519.689,-33.5875,0,0
100,00:00:04.195,4.1964,-10.977,30,5.796999,0,1500,1.637039,0,-6553.241,-30.4315,0,0
100,00:00:04.196,4.198,-10.977,30,5.872,0,1500,1.518206,0,-6577.706,-26.807,0,0
100,00:00:04.198,4.1996,-10.977,30,5.947,0,1500,1.399372,0,-6602.521,-28.6245,0,0
100,00:00:04.200,4.2012,-10.977,30,5.947,0,1500,1.399372,0,-6629.549,-26.35699,0,0
101,00:00:04.201,4.2028,-10.977,30,5.947,0,1500,1.399372,0,-6653.198,-29.07,0,0
101,00:00:04.203,4.2044,-10.977,30,6.097,0,1500,1.698464,0,-6676.149,-27.2625,0,0
101,00:00:04.204,4.206,-10.977,30,6.097,0,1500,1.698464,0,-6699.1,-30.424,0,0
101,00:00:04.206,4.2076,-10.977,30,6.097,0,1500,1.698464,0,-6731.836,-32.23849,0,0
101,00:00:04.208,4.2092,-10.977,30,6.097,0,1500,1.698464,0,-6754.67,-25.90549,0,0
101,00:00:04.209,4.2108,-10.977,30,6.247,0,1500,1.476556,0,-6786.475,-26.368,0,0
101,00:00:04.211,4.2124,-10.977,30,6.247,0,1500,1.476556,0,-6803.833,-28.1655,0,0
101,00:00:04.212,4.214,-10.977,30,6.247,0,1500,1.476556,0,-6825.852,-26.367,0,0
101,00:00:04.214,4.2156,-10.977,30,6.322,0,1500,1.547421,0,-6846.006,-29.52299,0,0
101,00:00:04.216,4.2172,-10.977,30,6.397,0,1500,1.618286,0,-6863.598,-24.554,0,0
101,00:00:04.217,4.2188,-10.977,30,6.397,0,1500,1.618286,0,-6880.839,-29.0765,0,0
101,00:00:04.219,4.2204,-10.977,30,6.397,0,1500,1.618286,0,-6903.557,-28.1635,0,0
101,00:00:04.220,4.222,-10.977,30,6.472,0,1500,1.629264,0,-6926.042,-27.722,0,0
101,00:00:04.222,4.2236,-10.977,30,6.546999,0,1500,1.640242,0,-6941.769,-24.55099,0,0
101,00:00:04.224,4.2252,-10.977,30,6.546999,0,1500,1.640242,0,-6968.681,-23.2025,0,0
101,00:00:04.225,4.2268,-10.977,30,6.546999,0,1500,1.640242,0,-6981.029,-22.748,0,0
101,00:00:04.227,4.2284,-10.977,30,6.697,0,1500,1.507759,0,-6997.339,-24.557,0,0
101,00:00:04.228,4.23,-10.977,30,6.697,0,1500,1.507759,0,-7015.047,-24.559,0,0
101,00:00:04.230,4.2316,-10.977,30,6.697,0,1500,1.507759,0,-7027.396,-23.1995,0,0
101,00:00:04.232,4.2332,-10.977,30,6.697,0,1500,1.507759,0,-7038.115,-29.078,0,0
101,00:00:04.233,4.2348,-10.977,30,6.847,0,1500,1.750331,0,-7042.891,-27.7175,0,0
101,00:00:04.235,4.2364,-10.977,30,6.847,0,1500,1.750331,0,-7059.667,-28.6295,0,0
101,00:00:04.236,4.238,-10.977,30,6.847,0,1500,1.750331,0,-7070.035,-29.071,0,0
101,00:00:04.238,4.2396,-10.977,30,6.922,0,1500,1.644405,0,-7082.967,-24.563,0,0
101,00:00:04.240,4.2412,-10.977,30,6.997,0,1500,1.538479,0,-7098.811,-25.46001,0,0
101,00:00:04.241,4.2428,-10.977,30,6.997,0,1500,1.538479,0,-7112.325,-22.753,0,0
102,00:00:04.243,4.2444,-10.977,30,6.997,0,1500,1.538479,0,-7137.722,-19.5905,0,0
102,00:00:04.244,4.246,-10.977,30,7.072,0,1500,1.583522,0,-7157.643,-20.489,0,0
102,00:00:04.246,4.2476,-10.977,30,7.147,0,1500,1.628565,0,-7169.76,-27.7245,0,0
102,00:00:04.248,4.2492,-10.977,30,7.147,0,1500,1.628565,0,-7172.672,-22.2915,0,0
102,00:00:04.249,4.2508,-10.977,30,7.147,0,1500,1.628565,0,-7193.292,-27.274,0,0
102,00:00:04.251,4.2524,-10.977,30,7.296999,0,1500,1.675797,0,-7198.535,-29.52,0,0
102,00:00:04.252,4.254,-10.977,30,7.296999,0,1500,1.675797,0,-7204.477,-28.6255,0,0
102,00:00:04.254,4.2556,-10.977,30,7.296999,0,1500,1.675797,0,-7217.99,-23.6525,0,0
102,00:00:04.256,4.2572,-10.977,30,7.296999,0,1500,1.675797,0,-7234.067,-18.229,0,0
102,00:00:04.257,4.2588,-10.977,30,7.447,0,1500,1.461874,0,-7248.63,-20.4925,0,0
102,00:00:04.259,4.2604,-10.977,30,7.447,0,1500,1.461874,0,-7258.532,-21.388,0,0
102,00:00:04.260,4.262,-10.977,30,7.447,0,1500,1.461874,0,-7266.571,-24.1095,0,0
102,00:00:04.262,4.2636,-10.977,30,7.522,0,1500,1.628429,0,-7268.784,-28.169,0,0
102,00:00:04.264,4.2652,-10.977,30,7.597,0,1500,1.794984,0,-7279.968,-22.755,0,0
102,00:00:04.265,4.2668,-10.977,30,7.597,0,1500,1.794984,0,-7279.386,-29.975,0,0
102,00:00:04.267,4.2684,-10.977,30,7.597,0,1500,1.794984,0,-7290.221,-24.107,0,0
102,00:00:04.268,4.27,-10.977,30,7.672,0,1500,1.695518,0,-7308.278,-29.073,0,0
102,00:00:04.270,4.2716,-10.977,30,7.747,0,1500,1.596052,0,-7319.695,-22.2935,0,0
102,00:00:04.272,4.2732,-10.977,30,7.747,0,1500,1.596052,0,-7337.403,-18.231,0,0
102,00:00:04.273,4.2748,-10.977,30,7.747,0,1500,1.596052,0,-7360.12,-17.3205,0,0
102,00:00:04.275,4.2764,-10.977,30,7.897,0,1500,1.706679,0,-7372.586,-25.0065,0,0
102,00:00:04.276,4.278,-10.977,30,7.897,0,1500,1.706679,0,-7368.159,-20.9355,0,0
102,00:00:04.278,4.2796,-10.977,30,7.897,0,1500,1.706679,0,-7378.294,-25.0075,0,0
102,00:00:04.280,4.2812,-10.977,30,7.897,0,1500,1.706679,0,-7385.75,-22.745,0,0
102,00:00:04.281,4.2828,-10.977,30,8.046999,0,1500,1.741857,0,-7388.313,-26.8135,0,0
102,00:00:04.283,4.2844,-10.977,30,8.046999,0,1500,1.741857,0,-7398.449,-24.1045,0,0
103,00:00:04.284,4.286,-10.977,30,8.046999,0,1500,1.741857,0,-7408.351,-25.4545,0,0
103,00:00:04.286,4.2876,-10.977,30,8.122,0,1500,1.658832,0,-7425.011,-25.01,0,0
103,00:00:04.288,4.2892,-10.977,30,8.197001,0,1500,1.575807,0,-7431.885,-27.2575,0,0
103,00:00:04.289,4.2908,-10.977,30,8.197001,0,1500,1.575807,0,-7457.165,-21.398,0,0
103,00:00:04.291,4.2924,-10.977,30,8.197001,0,1500,1.575807,0,-7450.641,-25.903,0,0
103,00:00:04.292,4.294,-10.977,30,8.272,0,1500,1.694687,0,-7458.796,-20.0425,0,0
103,00:00:04.294,4.2956,-10.977,30,8.347,0,1500,1.813567,0,-7469.863,-22.7455,0,0
103,00:00:04.296,4.2972,-10.977,30,8.347,0,1500,1.813567,0,-7471.96,-25.4585,0,0
103,00:00:04.297,4.2988,-10.977,30,8.347,0,1500,1.813567,0,-7466.485,-28.175,0,0
103,00:00:04.299,4.3004,-10.977,30,8.497,0,1500,1.629724,0,-7464.155,-23.65,0,0
103,00:00:04.300,4.302,-10.977,30,8.497,0,1500,1.629724,0,-7462.873,-25.4645,0,0
103,00:00:04.302,4.3036,-10.977,30,8.497,0,1500,1.629724,0,-7455.067,-27.715,0,0
103,00:00:04.304,4.3052,-10.977,30,8.497,0,1500,1.629724,0,-7449.01,-23.65701,0,0
103,00:00:04.305,4.3068,-10.977,30,8.646999,0,1500,1.753428,0,-7423.264,-21.84399,0,0
103,00:00:04.307,4.3084,-10.977,30,8.646999,0,1500,1.753428,0,-7406.604,-20.03751,0,0
103,00:00:04.308,4.31,-10.977,30,8.646999,0,1500,1.753428,0,-7376.896,-17.7795,0,0
103,00:00:04.310,4.3116,-10.977,30,8.721999,0,1500,1.759976,0,-7341.83,-24.5505,0,0
103,00:00:04.312,4.3132,-10.977,30,8.796999,0,1500,1.766524,0,-7294.997,-14.62099,0,0
103,00:00:04.313,4.3148,-10.977,30,8.796999,0,1500,1.766524,0,-7240.125,-20.035,0,0
103,00:00:04.315,4.3164,-10.977,30,8.796999,0,1500,1.766524,0,-7161.604,-18.2355,0,0
103,00:00:04.316,4.318,-10.977,30,8.872,0,1500,1.639135,0,-7090.656,-19.131,0,0
103,00:00:04.318,4.3196,-10.977,30,8.947001,0,1500,1.511746,0,-7034.037,-14.622,0,0
103,00:00:04.320,4.3212,-10.977,30,8.947001,0,1500,1.511746,0,-6978.466,-20.938,0,0
103,00:00:04.321,4.3228,-10.977,30,8.947001,0,1500,1.511746,0,-6929.653,-16.8785,0,0
103,00:00:04.323,4.3244,-10.977,30,9.097,0,1500,1.827556,0,-6894.354,-15.9715,0,0
103,00:00:04.324,4.326,-10.977,30,9.097,0,1500,1.827556,0,-6848.103,-15.5185,0,0
104,00:00:04.326,4.3276,-10.977,30,9.097,0,1500,1.827556,0,-6796.26,-19.58601,0,0
104,00:00:04.328,4.3292,-10.977,30,9.097,0,1500,1.827556,0,-6727.642,-12.803,0,0
104,00:00:04.329,4.3308,-10.977,30,9.247,0,1500,1.593111,0,-6657.393,-15.0695,0,0
104,00:00:04.331,4.3324,-10.977,30,9.247,0,1500,1.593111,0,-6579.687,-14.6095,0,0
104,00:00:04.332,4.334,-10.977,30,9.247,0,1500,1.593111,0,-6507.923,-14.166,0,0
104,00:00:04.334,4.3356,-10.977,30,9.322,0,1500,1.643584,0,-6438.605,-11.4575,0,0
104,00:00:04.336,4.3372,-10.977,30,9.396999,0,1500,1.694056,0,-6354.375,-12.8085,0,0
104,00:00:04.337,4.3388,-10.977,30,9.396999,0,1500,1.694056,0,-6264.671,-8.750999,0,0
104,00:00:04.339,4.3404,-10.977,30,9.396999,0,1500,1.694056,0,-6174.966,-13.707,0,0
104,00:00:04.340,4.342,-10.977,30,9.471999,0,1500,1.712294,0,-6088.872,-12.3625,0,0
104,00:00:04.342,4.3436,-10.977,30,9.546999,0,1500,1.730531,0,-5997.77,-15.062,0,0
104,00:00:04.344,4.3452,-10.977,30,9.546999,0,1500,1.730531,0,-5915.637,-5.131004,0,0
104,00:00:04.345,4.3468,-10.977,30,9.546999,0,1500,1.730531,0,-5820.34,-9.644005,0,0
104,00:00:04.347,4.3484,-10.977,30,9.697001,0,1500,1.558001,0,-5739.722,-5.129501,0,0
104,00:00:04.348,4.35,-10.977,30,9.697001,0,1500,1.558001,0,-5649.318,-8.744003,0,0
104,00:00:04.350,4.3516,-10.977,30,9.697001,0,1500,1.558001,0,-5553.904,-9.647003,0,0
104,00:00:04.352,4.3532,-10.977,30,9.697001,0,1500,1.558001,0,-5465.481,-11.0055,0,0
104,00:00:04.353,4.3548,-10.977,30,9.847,0,1500,1.827428,0,-5369.019,-9.647499,0,0
104,00:00:04.355,4.3564,-10.977,30,9.847,0,1500,1.827428,0,-5275.586,-8.748497,0,0
104,00:00:04.356,4.358,-10.977,30,9.847,0,1500,1.827428,0,-5167.59,-10.548,0,0
104,00:00:04.358,4.3596,-10.977,30,9.922,0,1500,1.692466,0,-5063.439,-13.264,0,0
104,00:00:04.360,4.3612,-10.977,30,9.997,0,1500,1.557504,0,-4936.92,-19.583,0,0
104,00:00:04.361,4.3628,-10.977,30,9.997,0,1500,1.557504,0,-4808.071,-20.03751,0,0
104,00:00:04.363,4.3644,-10.977,30,9.997,0,1500,1.557504,0,-4689.94,-14.164,0,0
104,00:00:04.364,4.366,-10.977,30,10.072,0,1500,1.543864,0,-4578.45,-16.4205,0,0
104,00:00:04.366,4.3676,-10.977,30,10.147,0,1500,1.530224,0,-4479.425,-10.555,0,0
105,00:00:04.368,4.3692,-10.977,30,10.147,0,1500,1.530224,0,-4404.05,-16.872,0,0
105,00:00:04.369,4.3708,-10.977,30,10.147,0,1500,1.530224,0,-4336.829,-15.0715,0,0
105,00:00:04.371,4.3724,-10.977,30,10.297,0,1500,1.467736,0,-4250.386,-15.51801,0,0
105,00:00:04.372,4.374,-10.977,30,10.297,0,1500,1.467736,0,-4157.186,-11.0055,0,0
105,00:00:04.374,4.3756,-10.977,30,10.297,0,1500,1.467736,0,-4040.919,-18.229,0,0
105,00:00:04.376,4.3772,-10.977,30,10.297,0,1500,1.467736,0,-3876.421,-15.068,0,0
105,00:00:04.377,4.3788,-10.977,30,10.446,0,1483.2,1.220129,0,-3678.954,-18.686,0,0
105,00:00:04.379,4.3804,-10.977,30,10.446,0,1483.2,1.220129,0,-3435.585,-11.4515,0,0
105,00:00:04.380,4.382,-10.977,30,10.446,0,1483.2,1.220129,0,-3222.39,-6.034004,0,0
105,00:00:04.382,4.3836,-10.977,30,10.519,0,1454.4,1.284498,0,-3014.554,-6.9375,0,0
105,00:00:04.384,4.3852,-10.977,30,10.592,0,1425.6,1.348867,0,-2744.74,-21.842,0,0
105,00:00:04.385,4.3868,-10.977,30,10.592,0,1425.6,1.348867,0,-1977.121,-14.167,0,0
105,00:00:04.387,4.3884,-10.977,30,10.592,0,1425.6,1.348867,0,-2109.931,31.91549,0,0
105,00:00:04.388,4.39,-10.977,30,10.6615,0,1389.6,1.215554,0,-2063.098,11.571,0,0
105,00:00:04.390,4.3916,-10.977,30,10.731,0,1353.601,1.08224,0,-1952.889,-60.69,0,0
105,00:00:04.392,4.3932,-10.977,30,10.731,0,1353.601,1.08224,0,-1880.193,-43.972,0,0
105,00:00:04.393,4.3948,-10.977,30,10.731,0,1353.601,1.08224,0,-1833.127,14.28849,0,0
105,00:00:04.395,4.3964,-10.977,30,10.862,0,1281.6,1.119817,0,-1856.194,-15.5195,0,0
105,00:00:04.396,4.398,-10.977,30,10.862,0,1281.6,1.119817,0,-1796.197,-23.197,0,0
105,00:00:04.398,4.3996,-10.977,30,10.862,0,1281.6,1.119817,0,-1740.976,-17.77,0,0
105,00:00:04.400,4.4012,-10.977,30,10.862,0,1281.6,1.119817,0,-1694.143,-16.42451,0,0
105,00:00:04.401,4.4028,-10.977,30,10.986,0,1209.6,1.022883,0,-1686.104,-27.264,0,0
105,00:00:04.403,4.4044,-10.977,30,10.986,0,1209.6,1.022883,0,-1652.786,-19.5825,0,0
105,00:00:04.404,4.406,-10.977,30,10.986,0,1209.6,1.022883,0,-1623.66,-10.548,0,0
105,00:00:04.406,4.4076,-10.977,30,11.045,0,1173.6,0.9724454,0,-1585.682,-24.1035,0,0
105,00:00:04.408,4.4092,-10.977,30,11.104,0,1137.6,0.9220079,0,-1590.574,-20.4935,0,0
106,00:00:04.409,4.4108,-10.977,30,11.104,0,1137.6,0.9220079,0,-1549.333,-16.4255,0,0
106,00:00:04.411,4.4124,-10.977,30,11.104,0,1137.6,0.9220079,0,-1538.033,-12.353,0,0
106,00:00:04.412,4.414,-10.977,30,11.159,0,1101.6,0.9220594,0,-1541.178,-17.333,0,0
106,00:00:04.414,4.4156,-10.977,30,11.214,0,1065.6,0.922111,0,-1505.413,-14.62151,0,0
106,00:00:04.416,4.4172,-10.977,30,11.214,0,1065.6,0.922111,0,-1488.87,-20.0355,0,0
106,00:00:04.417,4.4188,-10.977,30,11.214,0,1065.6,0.922111,0,-1460.211,-17.7805,0,0
106,00:00:04.419,4.4204,-10.977,30,11.316,0,993.6004,0.8182044,0,-1436.445,-18.6855,0,0
106,00:00:04.420,4.422,-10.977,30,11.316,0,993.6004,0.8182044,0,-1407.203,-11.46,0,0
106,00:00:04.422,4.4236,-10.977,30,11.316,0,993.6004,0.8182044,0,-1391.709,-17.778,0,0
106,00:00:04.424,4.4252,-10.977,30,11.316,0,993.6004,0.8182044,0,-1354.429,-16.425,0,0
106,00:00:04.425,4.4268,-10.977,30,11.412,0,921.6003,0.721475,0,-1332.41,-18.233,0,0
106,00:00:04.427,4.4284,-10.977,30,11.412,0,921.6003,0.721475,0,-1302.354,-21.393,0,0
106,00:00:04.428,4.43,-10.977,30,11.412,0,921.6003,0.721475,0,-1289.538,-23.654,0,0
106,00:00:04.430,4.4316,-10.977,30,11.456,0,885.6003,0.8053565,0,-1251.326,-15.971,0,0
106,00:00:04.432,4.4332,-10.977,30,11.5,0,849.6002,0.889238,0,-1228.143,-15.518,0,0
106,00:00:04.433,4.4348,-10.977,30,11.5,0,849.6002,0.889238,0,-1203.095,-19.591,0,0
106,00:00:04.435,4.4364,-10.977,30,11.5,0,849.6002,0.889238,0,-1190.397,-19.5865,0,0
106,00:00:04.436,4.438,-10.977,30,11.5405,0,813.6002,0.8570418,0,-1154.981,-13.715,0,0
106,00:00:04.438,4.4396,-10.977,30,11.581,0,777.6002,0.8248457,0,-1135.875,-15.971,0,0
106,00:00:04.440,4.4412,-10.977,30,11.581,0,777.6002,0.8248457,0,-1127.137,-15.978,0,0
106,00:00:04.441,4.4428,-10.977,30,11.581,0,777.6002,0.8248457,0,-1109.896,-19.136,0,0
106,00:00:04.443,4.4444,-10.977,30,11.655,0,705.6003,0.8219972,0,-1091.954,-16.4245,0,0
106,00:00:04.444,4.446,-10.977,30,11.655,0,705.6003,0.8219972,0,-1075.528,-19.133,0,0
106,00:00:04.446,4.4476,-10.977,30,11.655,0,705.6003,0.8219972,0,-1059.218,-13.7145,0,0
106,00:00:04.448,4.4492,-10.977,30,11.655,0,705.6003,0.8219972,0,-1044.189,-13.26151,0,0
106,00:00:04.449,4.4508,-10.977,30,11.722,0,633.6003,0.7739601,0,-1029.743,-12.356,0,0
107,00:00:04.451,4.4524,-10.977,30,11.722,0,633.6003,0.7739601,0,-1006.21,-15.0675,0,0
107,00:00:04.452,4.454,-10.977,30,11.722,0,633.6003,0.7739601,0,-993.1625,-10.555,0,0
107,00:00:04.454,4.4556,-10.977,30,11.7515,0,597.6003,0.7829954,0,-972.0759,-15.5195,0,0
107,00:00:04.456,4.4572,-10.977,30,11.781,0,561.6003,0.7920308,0,-955.6495,-14.618,0,0
107,00:00:04.457,4.4588,-10.977,30,11.781,0,561.6003,0.7920308,0,-934.4465,-13.715,0,0
107,00:00:04.459,4.4604,-10.977,30,11.781,0,561.6003,0.7920308,0,-915.5735,-13.262,0,0
107,00:00:04.460,4.462,-10.977,30,11.8075,0,525.6002,0.8660508,0,-901.8265,-15.975,0,0
107,00:00:04.462,4.4636,-10.977,30,11.834,0,489.6002,0.9400709,0,-876.1965,-10.55151,0,0
107,00:00:04.464,4.4652,-10.977,30,11.834,0,489.6002,0.9400709,0,-858.605,-13.7135,0,0
107,00:00:04.465,4.4668,-10.977,30,11.834,0,489.6002,0.9400709,0,-836.47,-9.652,0,0
107,00:00:04.467,4.4684,-10.977,30,11.879,0,417.6002,0.8344245,0,-817.7135,-10.5505,0,0
107,00:00:04.468,4.47,-10.977,30,11.879,0,417.6002,0.8344245,0,-799.7725,-15.52299,0,0
107,00:00:04.470,4.4716,-10.977,30,11.879,0,417.6002,0.8344245,0,-775.5405,-11.9065,0,0
107,00:00:04.472,4.4732,-10.977,30,11.879,0,417.6002,0.8344245,0,-755.7355,-11.454,0,0
107,00:00:04.473,4.4748,-10.977,30,11.917,0,345.6003,0.830058,0,-737.7944,-13.263,0,0
107,00:00:04.475,4.4764,-10.977,30,11.917,0,345.6003,0.830058,0,-714.2615,-11.452,0,0
107,00:00:04.476,4.478,-10.977,30,11.917,0,345.6003,0.830058,0,-693.0585,-10.5545,0,0
107,00:00:04.478,4.4796,-10.977,30,11.932,0,309.6003,0.8095387,0,-671.04,-10.5495,0,0
107,00:00:04.480,4.4812,-10.977,30,11.947,0,273.6002,0.7890193,0,-647.6235,-13.26151,0,0
107,00:00:04.481,4.4828,-10.977,30,11.947,0,273.6002,0.7890193,0,-622.6925,-12.36,0,0
107,00:00:04.483,4.4844,-10.977,30,11.947,0,273.6002,0.7890193,0,-603.8195,-12.8095,0,0
107,00:00:04.484,4.486,-10.977,30,11.959,0,237.6002,0.762266,0,-580.636,-18.6835,0,0
107,00:00:04.486,4.4876,-10.977,30,11.971,0,201.6002,0.7355128,0,-560.9475,-11.452,0,0
107,00:00:04.488,4.4892,-10.977,30,11.971,0,201.6002,0.7355128,0,-541.259,-14.1645,0,0
107,00:00:04.489,4.4908,-10.977,30,11.971,0,201.6002,0.7355128,0,-523.9005,-13.2635,0,0
107,00:00:04.491,4.4924,-10.977,30,11.987,0,129.6003,0.9256142,0,-504.3285,-15.519,0,0
108,00:00:04.492,4.494,-10.977,30,11.987,0,129.6003,0.9256142,0,-483.5915,-15.974,0,0
108,00:00:04.494,4.4956,-10.977,30,11.987,0,129.6003,0.9256142,0,-468.2135,-13.26151,0,0
108,00:00:04.496,4.4972,-10.977,30,11.987,0,129.6003,0.9256142,0,-450.7385,-13.2635,0,0
108,00:00:04.497,4.4988,-10.977,30,11.996,0,58.1541,0.7113374,0,-432.914,-14.1665,0,0
108,00:00:04.499,4.5004,-10.977,30,11.996,0,58.1541,0.7113374,0,-419.5165,-11.0005,0,0
108,00:00:04.500,4.502,-10.977,30,11.996,0,58.1541,0.7113374,0,-405.0705,-14.618,0,0
108,00:00:04.502,4.5036,-10.977,30,11.9975,0,33.41557,0.7557274,0,-394.8185,-11.0015,0,0
108,00:00:04.504,4.5052,-10.977,30,11.999,0,8.677045,0.8001174,0,-385.149,-14.618,0,0
108,00:00:04.505,4.5068,-10.977,30,11.999,0,8.677045,0.8001174,0,-362.781,-11.911,0,0
108,00:00:04.507,4.5084,-10.977,30,11.999,0,8.677045,0.8001174,0,-314.783,-12.349,0,0
108,00:00:04.508,4.51,-10.977,30,11.999,0,-11.44607,0.7634113,0,-268.649,-11.457,0,0
108,00:00:04.510,4.5116,-10.977,30,11.999,0,-31.56918,0.7267053,0,-219.02,-16.8745,0,0
108,00:00:04.512,4.5132,-10.977,30,11.999,0,-31.56918,0.7267053,0,-174.75,-13.7145,0,0
108,00:00:04.513,4.5148,-10.977,30,11.999,0,-31.56918,0.7267053,0,-105.549,-10.5495,0,0
108,00:00:04.515,4.5164,-10.977,30,11.993,0,-98.39986,0.7998984,0,-59.648,-13.71451,0,0
108,00:00:04.516,4.518,-10.977,30,11.993,0,-98.39986,0.7998984,0,4.893,-14.1715,0,0
108,00:00:04.518,4.5196,-10.977,30,11.993,0,-98.39986,0.7998984,0,62.3275,-14.1655,0,0
108,00:00:04.520,4.5212,-10.977,30,11.993,0,-98.39986,0.7998984,0,144.46,-15.06351,0,0
108,00:00:04.521,4.5228,-10.977,30,11.979,0,-170.4001,1.015358,0,222.748,-14.17,0,0
108,00:00:04.523,4.5244,-10.977,30,11.979,0,-170.4001,1.015358,0,311.8705,-15.068,0,0
108,00:00:04.524,4.526,-10.977,30,11.979,0,-170.4001,1.015358,0,405.886,-13.2655,0,0
108,00:00:04.526,4.5276,-10.977,30,11.9685,0,-206.4001,0.9430088,0,505.377,-8.285995,0,0
108,00:00:04.528,4.5292,-10.977,30,11.958,0,-242.4001,0.8706594,0,522.852,-3.779503,0,0
108,00:00:04.529,4.5308,-10.977,30,11.958,0,-242.4001,0.8706594,0,360.917,-13.2685,0,0
108,00:00:04.531,4.5324,-10.977,30,11.958,0,-242.4001,0.8706594,0,376.1785,-24.0995,0,0
108,00:00:04.532,4.534,-10.977,30,11.944,0,-278.4,0.8617706,0,388.178,-20.939,0,0
109,00:00:04.534,4.5356,-10.977,30,11.93,0,-314.3999,0.852882,0,404.721,-11.46101,0,0
109,00:00:04.536,4.5372,-10.977,30,11.93,0,-314.3999,0.852882,0,430.7005,-16.8795,0,0
109,00:00:04.537,4.5388,-10.977,30,11.93,0,-314.3999,0.852882,0,426.9725,-20.947,0,0
109,00:00:04.539,4.5404,-10.977,30,11.895,0,-386.3999,0.8231449,0,453.0685,-17.325,0,0
109,00:00:04.540,4.542,-10.977,30,11.895,0,-386.3999,0.8231449,0,452.719,-15.529,0,0
109,00:00:04.542,4.5436,-10.977,30,11.895,0,-386.3999,0.8231449,0,455.1655,-17.786,0,0
109,00:00:04.544,4.5452,-10.977,30,11.895,0,-386.3999,0.8231449,0,444.9135,-11.4565,0,0
109,00:00:04.545,4.5468,-10.977,30,11.852,0,-458.4001,0.772969,0,452.02,-16.426,0,0
109,00:00:04.547,4.5484,-10.977,30,11.852,0,-458.4001,0.772969,0,433.0305,-16.421,0,0
109,00:00:04.548,4.55,-10.977,30,11.852,0,-458.4001,0.772969,0,418.701,-22.7505,0,0
109,00:00:04.550,4.5516,-10.977,30,11.827,0,-494.4,0.8449608,0,442.933,-9.652504,0,0
109,00:00:04.552,4.5532,-10.977,30,11.802,0,-530.4,0.9169526,0,421.8465,-18.678,0,0
109,00:00:04.553,4.5548,-10.977,30,11.802,0,-530.4,0.9169526,0,432.0985,-20.03799,0,0
109,00:00:04.555,4.5564,-10.977,30,11.802,0,-530.4,0.9169526,0,450.855,-15.972,0,0
109,00:00:04.556,4.558,-10.977,30,11.774,0,-566.4,0.8772341,0,436.875,-20.9405,0,0
109,00:00:04.558,4.5596,-10.977,30,11.746,0,-602.4,0.8375157,0,455.8645,-18.6805,0,0
109,00:00:04.560,4.5612,-10.977,30,11.746,0,-602.4,0.8375157,0,454.6995,-17.328,0,0
109,00:00:04.561,4.5628,-10.977,30,11.746,0,-602.4,0.8375157,0,447.826,-22.296,0,0
109,00:00:04.563,4.5644,-10.977,30,11.682,0,-674.4,0.7993179,0,466.233,-17.782,0,0
109,00:00:04.564,4.566,-10.977,30,11.682,0,-674.4,0.7993179,0,451.787,-20.0375,0,0
109,00:00:04.566,4.5676,-10.977,30,11.682,0,-674.4,0.7993179,0,467.5145,-18.23299,0,0
109,00:00:04.568,4.5692,-10.977,30,11.682,0,-674.4,0.7993179,0,471.0095,-18.682,0,0
109,00:00:04.569,4.5708,-10.977,30,11.61,0,-746.4002,0.7197886,0,466.932,-19.1365,0,0
109,00:00:04.571,4.5724,-10.977,30,11.61,0,-746.4002,0.7197886,0,480.912,-15.5195,0,0
109,00:00:04.572,4.574,-10.977,30,11.61,0,-746.4002,0.7197886,0,480.912,-16.4295,0,0
109,00:00:04.574,4.5756,-10.977,30,11.571,0,-782.4001,0.7690912,0,487.669,-19.5905,0,0
110,00:00:04.576,4.5772,-10.977,30,11.532,0,-818.4001,0.818394,0,494.426,-19.1335,0,0
110,00:00:04.577,4.5788,-10.977,30,11.532,0,-818.4001,0.818394,0,502.115,-18.2295,0,0
110,00:00:04.579,4.5804,-10.977,30,11.532,0,-818.4001,0.818394,0,505.9595,-15.519,0,0
110,00:00:04.580,4.582,-10.977,30,11.489,0,-854.4001,0.9185632,0,509.804,-19.1355,0,0
110,00:00:04.582,4.5836,-10.977,30,11.446,0,-890.4001,1.018733,0,522.5024,-11.903,0,0
110,00:00:04.584,4.5852,-10.977,30,11.446,0,-890.4001,1.018733,0,519.59,-20.9415,0,0
110,00:00:04.585,4.5868,-10.977,30,11.446,0,-890.4001,1.018733,0,525.0655,-26.81551,0,0
110,00:00:04.587,4.5884,-10.977,30,11.353,0,-962.4,0.8732665,0,533.5699,-19.5845,0,0
110,00:00:04.588,4.59,-10.977,30,11.353,0,-962.4,0.8732665,0,526.9294,-21.847,0,0
110,00:00:04.590,4.5916,-10.977,30,11.353,0,-962.4,0.8732665,0,537.6475,-25.0085,0,0
110,00:00:04.592,4.5932,-10.977,30,11.353,0,-962.4,0.8732665,0,540.5599,-22.2965,0,0
110,00:00:04.593,4.5948,-10.977,30,11.253,0,-1034.4,0.9149102,0,541.8415,-25.911,0,0
110,00:00:04.595,4.5964,-10.977,30,11.253,0,-1034.4,0.9149102,0,563.86,-26.3625,0,0
110,00:00:04.596,4.598,-10.977,30,11.253,0,-1034.4,0.9149102,0,561.53,-26.812,0,0
110,00:00:04.598,4.5996,-10.977,30,11.1995,0,-1070.4,0.8623905,0,588.6744,-20.491,0,0
110,00:00:04.600,4.6012,-10.977,30,11.146,0,-1106.4,0.8098707,0,594.9655,-25.007,0,0
110,00:00:04.601,4.6028,-10.977,30,11.146,0,-1106.4,0.8098707,0,625.605,-21.8415,0,0
110,00:00:04.603,4.6044,-10.977,30,11.146,0,-1106.4,0.8098707,0,665.448,-27.267,0,0
110,00:00:04.604,4.606,-10.977,30,11.0885,0,-1142.4,0.7684635,0,721.4845,-23.6515,0,0
110,00:00:04.606,4.6076,-10.977,30,11.031,0,-1178.4,0.7270563,0,779.5015,-22.74551,0,0
110,00:00:04.608,4.6092,-10.977,30,11.031,0,-1178.4,0.7270563,0,831.4605,-20.0415,0,0
110,00:00:04.609,4.6108,-10.977,30,11.031,0,-1178.4,0.7270563,0,902.9915,-20.9405,0,0
110,00:00:04.611,4.6124,-10.977,30,10.91,0,-1250.4,0.8591031,0,993.3955,-21.8455,0,0
110,00:00:04.612,4.614,-10.977,30,10.91,0,-1250.4,0.8591031,0,1097.313,-20.94701,0,0
110,00:00:04.614,4.6156,-10.977,30,10.91,0,-1250.4,0.8591031,0,1250.045,-23.1985,0,0
110,00:00:04.616,4.6172,-10.977,30,10.91,0,-1250.4,0.8591031,0,1402.194,-19.13499,0,0
111,00:00:04.617,4.6188,-10.977,30,10.781,0,-1322.4,0.6251423,0,1567.624,-18.2295,0,0
111,00:00:04.619,4.6204,-10.977,30,10.781,0,-1322.4,0.6251423,0,1738.063,-15.9705,0,0
111,00:00:04.620,4.622,-10.977,30,10.781,0,-1322.4,0.6251423,0,1906.872,-13.2695,0,0
111,00:00:04.622,4.6236,-10.977,30,10.713,0,-1358.4,0.684831,0,2141.037,-15.9715,0,0
111,00:00:04.624,4.6252,-10.977,30,10.645,0,-1394.4,0.7445196,0,2428.908,-10.554,0,0
111,00:00:04.625,4.6268,-10.977,30,10.645,0,-1394.4,0.7445196,0,2725.168,-9.198006,0,0
111,00:00:04.627,4.6284,-10.977,30,10.645,0,-1394.4,0.7445196,0,3008.263,-4.681007,0,0
111,00:00:04.628,4.63,-10.977,30,10.5735,0,-1428.462,0.6974154,0,3260.485,-9.645004,0,0
111,00:00:04.630,4.6316,-10.977,30,10.502,0,-1462.523,0.6503111,0,3493.136,-6.484505,0,0
111,00:00:04.632,4.6332,-10.977,30,10.502,0,-1462.523,0.6503111,0,3667.886,-6.030998,0,0
111,00:00:04.633,4.6348,-10.977,30,10.502,0,-1462.523,0.6503111,0,3783.687,-8.744003,0,0
111,00:00:04.635,4.6364,-10.977,30,10.353,0,-1497.139,0.8361229,0,3924.302,-9.642998,0,0
111,00:00:04.636,4.638,-10.977,30,10.353,0,-1497.139,0.8361229,0,4004.92,-6.485504,0,0
111,00:00:04.638,4.6396,-10.977,30,10.353,0,-1497.139,0.8361229,0,3943.292,-14.6135,0,0
111,00:00:04.640,4.6412,-10.977,30,10.353,0,-1497.139,0.8361229,0,3838.792,-15.5195,0,0
111,00:00:04.641,4.6428,-10.977,30,10.203,0,-1500,1.160133,0,3754.212,-23.652,0,0
111,00:00:04.643,4.6444,-10.977,30,10.203,0,-1500,1.160133,0,3650.993,-17.776,0,0
111,00:00:04.644,4.646,-10.977,30,10.203,0,-1500,1.160133,0,3577.365,-20.9475,0,0
111,00:00:04.646,4.6476,-10.977,30,10.128,0,-1500,1.174024,0,3505.485,-22.296,0,0
111,00:00:04.648,4.6492,-10.977,30,10.053,0,-1500,1.187915,0,3448.4,-20.0345,0,0
111,00:00:04.649,4.6508,-10.977,30,10.053,0,-1500,1.187915,0,3445.138,-18.23199,0,0
111,00:00:04.651,4.6524,-10.977,30,10.053,0,-1500,1.187915,0,3451.429,-20.487,0,0
111,00:00:04.652,4.654,-10.977,30,9.978,0,-1500,1.239413,0,3447.701,-17.782,0,0
111,00:00:04.654,4.6556,-10.977,30,9.903,0,-1500,1.290911,0,3445.371,-20.035,0,0
111,00:00:04.656,4.6572,-10.977,30,9.903,0,-1500,1.290911,0,3445.72,-22.748,0,0
111,00:00:04.657,4.6588,-10.977,30,9.903,0,-1500,1.290911,0,3430.575,-22.297,0,0
112,00:00:04.659,4.6604,-10.977,30,9.753,0,-1500,1.148071,0,3434.303,-17.331,0,0
112,00:00:04.660,4.662,-10.977,30,9.753,0,-1500,1.148071,0,3425.1,-20.0415,0,0
112,00:00:04.662,4.6636,-10.977,30,9.753,0,-1500,1.148071,0,3410.188,-20.039,0,0
112,00:00:04.664,4.6652,-10.977,30,9.753,0,-1500,1.148071,0,3388.519,-15.525,0,0
112,00:00:04.665,4.6668,-10.977,30,9.603001,0,-1500,1.053422,0,3372.209,-16.8745,0,0
112,00:00:04.667,4.6684,-10.977,30,9.603001,0,-1500,1.053422,0,3353.452,-22.749,0,0
112,00:00:04.668,4.67,-10.977,30,9.603001,0,-1500,1.053422,0,3347.045,-18.228,0,0
112,00:00:04.670,4.6716,-10.977,30,9.528,0,-1500,1.022552,0,3326.308,-18.2305,0,0
112,00:00:04.672,4.6732,-10.977,30,9.452999,0,-1500,0.9916812,0,3292.057,-23.1965,0,0
112,00:00:04.673,4.6748,-10.977,30,9.452999,0,-1500,0.9916812,0,3246.389,-25.011,0,0
112,00:00:04.675,4.6764,-10.977,30,9.452999,0,-1500,0.9916812,0,3203.517,-19.586,0,0
112,00:00:04.676,4.678,-10.977,30,9.377999,0,-1500,0.93635,0,3187.673,-25.005,0,0
112,00:00:04.678,4.6796,-10.977,30,9.302999,0,-1500,0.8810189,0,3169.149,-15.0725,0,0
112,00:00:04.680,4.6812,-10.977,30,9.302999,0,-1500,0.8810189,0,3139.559,-18.229,0,0
112,00:00:04.681,4.6828,-10.977,30,9.302999,0,-1500,0.8810189,0,3097.618,-20.4935,0,0
112,00:00:04.683,4.6844,-10.977,30,9.153,0,-1500,0.958071,0,3048.456,-23.196,0,0
112,00:00:04.684,4.686,-10.977,30,9.153,0,-1500,0.958071,0,3010.476,-21.395,0,0
112,00:00:04.686,4.6876,-10.977,30,9.153,0,-1500,0.958071,0,3011.758,-27.26099,0,0
112,00:00:04.688,4.6892,-10.977,30,9.153,0,-1500,0.958071,0,2990.322,-20.4905,0,0
112,00:00:04.689,4.6908,-10.977,30,9.003,0,-1500,0.9347661,0,2971.1,-24.555,0,0
112,00:00:04.691,4.6924,-10.977,30,9.003,0,-1500,0.9347661,0,2919.956,-21.395,0,0
112,00:00:04.692,4.694,-10.977,30,9.003,0,-1500,0.9347661,0,2788.66,-26.818,0,0
112,00:00:04.694,4.6956,-10.977,30,8.928,0,-1500,0.9792408,0,2680.199,-19.13901,0,0
112,00:00:04.696,4.6972,-10.977,30,8.853001,0,-1500,1.023715,0,2660.161,-26.812,0,0
112,00:00:04.697,4.6988,-10.977,30,8.853001,0,-1500,1.023715,0,2628.473,-21.3935,0,0
112,00:00:04.699,4.7004,-10.977,30,8.853001,0,-1500,1.023715,0,2581.407,-18.2275,0,0
113,00:00:04.700,4.702,-10.977,30,8.778,0,-1500,1.122305,0,2487.857,-21.8425,0,0
113,00:00:04.702,4.7036,-10.977,30,8.702999,0,-1500,1.220895,0,2523.739,-27.7095,0,0
113,00:00:04.704,4.7052,-10.977,30,8.702999,0,-1500,1.220895,0,2523.623,-21.8425,0,0
113,00:00:04.705,4.7068,-10.977,30,8.702999,0,-1500,1.220895,0,2424.132,-22.75,0,0
113,00:00:04.707,4.7084,-10.977,30,8.552999,0,-1500,1.182844,0,2382.309,-24.55701,0,0
113,00:00:04.708,4.71,-10.977,30,8.552999,0,-1500,1.182844,0,2281.07,-27.2605,0,0
113,00:00:04.710,4.7116,-10.977,30,8.552999,0,-1500,1.182844,0,2195.559,-18.686,0,0
113,00:00:04.712,4.7132,-10.977,30,8.552999,0,-1500,1.182844,0,2087.447,-28.62099,0,0
113,00:00:04.713,4.7148,-10.977,30,8.403,0,-1500,1.257791,0,2054.128,-27.269,0,0
113,00:00:04.715,4.7164,-10.977,30,8.403,0,-1500,1.257791,0,2044.342,-18.22601,0,0
113,00:00:04.716,4.718,-10.977,30,8.403,0,-1500,1.257791,0,2003.917,-16.424,0,0
113,00:00:04.718,4.7196,-10.977,30,8.328,0,-1500,1.16837,0,1998.441,-28.623,0,0
113,00:00:04.720,4.7212,-10.977,30,8.253,0,-1500,1.07895,0,1956.85,-23.1985,0,0
113,00:00:04.721,4.7228,-10.977,30,8.253,0,-1500,1.07895,0,1909.668,-23.201,0,0
113,00:00:04.723,4.7244,-10.977,30,8.253,0,-1500,1.07895,0,1858.524,-25.91,0,0
113,00:00:04.724,4.726,-10.977,30,8.178,0,-1500,1.031263,0,1830.797,-30.433,0,0
113,00:00:04.726,4.7276,-10.977,30,8.103001,0,-1500,0.983576,0,1816.934,-24.104,0,0
113,00:00:04.728,4.7292,-10.977,30,8.103001,0,-1500,0.983576,0,1815.769,-29.52699,0,0
113,00:00:04.729,4.7308,-10.977,30,8.103001,0,-1500,0.983576,0,1816.701,-20.94099,0,0
113,00:00:04.731,4.7324,-10.977,30,7.953,0,-1500,0.9127169,0,1808.313,-19.586,0,0
113,00:00:04.732,4.734,-10.977,30,7.953,0,-1500,0.9127169,0,1765.208,-17.33,0,0
113,00:00:04.734,4.7356,-10.977,30,7.953,0,-1500,0.9127169,0,1676.202,-24.5525,0,0
113,00:00:04.736,4.7372,-10.977,30,7.953,0,-1500,0.9127169,0,1636.825,-23.6515,0,0
113,00:00:04.737,4.7388,-10.977,30,7.803,0,-1500,0.8001146,0,1626.223,-24.104,0,0
113,00:00:04.739,4.7404,-10.977,30,7.803,0,-1500,0.8001146,0,1592.089,-20.0405,0,0
113,00:00:04.740,4.742,-10.977,30,7.803,0,-1500,0.8001146,0,1556.44,-21.844,0,0
114,00:00:04.742,4.7436,-10.977,30,7.728,0,-1500,0.8239012,0,1534.654,-21.8465,0,0
114,00:00:04.744,4.7452,-10.977,30,7.653,0,-1500,0.8476878,0,1494.695,-25.0085,0,0
114,00:00:04.745,4.7468,-10.977,30,7.653,0,-1500,0.8476878,0,1470.114,-26.368,0,0
114,00:00:04.747,4.7484,-10.977,30,7.653,0,-1500,0.8476878,0,1451.357,-28.62,0,0
114,00:00:04.748,4.75,-10.977,30,7.578,0,-1500,0.8142318,0,1435.63,-21.3925,0,0
114,00:00:04.750,4.7516,-10.977,30,7.503,0,-1500,0.7807758,0,1422.348,-25.457,0,0
114,00:00:04.752,4.7532,-10.977,30,7.503,0,-1500,0.7807758,0,1389.379,-15.519,0,0
114,00:00:04.753,4.7548,-10.977,30,7.503,0,-1500,0.7807758,0,1356.06,-22.7495,0,0
114,00:00:04.755,4.7564,-10.977,30,7.353,0,-1500,0.9076252,0,1336.604,-21.8405,0,0
114,00:00:04.756,4.758,-10.977,30,7.353,0,-1500,0.9076252,0,1331.828,-28.168,0,0
114,00:00:04.758,4.7596,-10.977,30,7.353,0,-1500,0.9076252,0,1296.295,-25.9095,0,0
114,00:00:04.760,4.7612,-10.977,30,7.353,0,-1500,0.9076252,0,1291.985,-24.1025,0,0
114,00:00:04.761,4.7628,-10.977,30,7.203,0,-1500,1.059329,0,1288.257,-27.267,0,0
114,00:00:04.763,4.7644,-10.977,30,7.203,0,-1500,1.059329,0,1293.732,-29.97449,0,0
114,00:00:04.764,4.766,-10.977,30,7.203,0,-1500,1.059329,0,1299.091,-24.107,0,0
114,00:00:04.766,4.7676,-10.977,30,7.128,0,-1500,1.025072,0,1274.044,-25.91,0,0
114,00:00:04.768,4.7692,-10.977,30,7.053,0,-1500,0.9908146,0,1228.609,-22.2985,0,0
114,00:00:04.769,4.7708,-10.977,30,7.053,0,-1500,0.9908146,0,1191.213,-24.104,0,0
114,00:00:04.771,4.7724,-10.977,30,7.053,0,-1500,0.9908146,0,1182.125,-24.558,0,0
114,00:00:04.772,4.774,-10.977,30,6.978,0,-1500,1.029688,0,1178.048,-28.626,0,0
114,00:00:04.774,4.7756,-10.977,30,6.903,0,-1500,1.068562,0,1133.895,-19.1375,0,0
114,00:00:04.776,4.7772,-10.977,30,6.903,0,-1500,1.068562,0,1051.412,-26.3645,0,0
114,00:00:04.777,4.7788,-10.977,30,6.903,0,-1500,1.068562,0,990.1335,-28.619,0,0
114,00:00:04.779,4.7804,-10.977,30,6.753,0,-1500,0.9338265,0,962.8724,-27.71899,0,0
114,00:00:04.780,4.782,-10.977,30,6.753,0,-1500,0.9338265,0,918.8354,-24.5565,0,0
114,00:00:04.782,4.7836,-10.977,30,6.753,0,-1500,0.9338265,0,875.0315,-33.137,0,0
115,00:00:04.784,4.7852,-10.977,30,6.753,0,-1500,0.9338265,0,857.0905,-26.3635,0,0
115,00:00:04.785,4.7868,-10.977,30,6.603,0,-1500,0.8965215,0,820.9755,-29.521,0,0
115,00:00:04.787,4.7884,-10.977,30,6.603,0,-1500,0.8965215,0,797.093,-25.911,0,0
115,00:00:04.788,4.79,-10.977,30,6.603,0,-1500,0.8965215,0,783.812,-29.976,0,0
115,00:00:04.790,4.7916,-10.977,30,6.528,0,-1500,0.8804324,0,764.24,-24.1015,0,0
115,00:00:04.792,4.7932,-10.977,30,6.453,0,-1500,0.8643433,0,745.367,-28.619,0,0
115,00:00:04.793,4.7948,-10.977,30,6.453,0,-1500,0.8643433,0,731.853,-28.6215,0,0
115,00:00:04.795,4.7964,-10.977,30,6.453,0,-1500,0.8643433,0,715.3099,-33.1345,0,0
115,00:00:04.796,4.798,-10.977,30,6.378,0,-1500,0.7926571,0,707.854,-31.3315,0,0
115,00:00:04.798,4.7996,-10.977,30,6.303,0,-1500,0.720971,0,693.0585,-36.2985,0,0
115,00:00:04.800,4.8012,-10.977,30,6.303,0,-1500,0.720971,0,670.4575,-29.52399,0,0
115,00:00:04.801,4.8028,-10.977,30,6.303,0,-1500,0.720971,0,656.361,-35.3965,0,0
115,00:00:04.803,4.8044,-10.977,30,6.153,0,-1500,0.757742,0,628.168,-33.137,0,0
115,00:00:04.804,4.806,-10.977,30,6.153,0,-1500,0.757742,0,602.072,-35.3965,0,0
115,00:00:04.806,4.8076,-10.977,30,6.153,0,-1500,0.757742,0,573.7625,-28.61849,0,0
115,00:00:04.808,4.8092,-10.977,30,6.153,0,-1500,0.757742,0,560.0155,-30.43,0,0
115,00:00:04.809,4.8108,-10.977,30,6.003,0,-1500,0.6725902,0,547.55,-26.3605,0,0
115,00:00:04.811,4.8124,-10.977,30,6.003,0,-1500,0.6725902,0,543.9385,-31.7805,0,0
115,00:00:04.812,4.814,-10.977,30,6.003,0,-1500,0.6725902,0,528.444,-33.592,0,0
115,00:00:04.814,4.8156,-10.977,30,5.928,0,-1500,0.7029835,0,527.3955,-34.042,0,0
115,00:00:04.816,4.8172,-10.977,30,5.853,0,-1500,0.7333767,0,519.7065,-27.723,0,0
115,00:00:04.817,4.8188,-10.977,30,5.853,0,-1500,0.7333767,0,521.5705,-32.23199,0,0
115,00:00:04.819,4.8204,-10.977,30,5.853,0,-1500,0.7333767,0,529.1429,-29.075,0,0
115,00:00:04.820,4.822,-10.977,30,5.778,0,-1500,0.8352363,0,528.91,-33.589,0,0
115,00:00:04.822,4.8236,-10.977,30,5.703,0,-1500,0.9370959,0,534.502,-31.783,0,0
115,00:00:04.824,4.8252,-10.977,30,5.703,0,-1500,0.9370959,0,532.0555,-27.719,0,0
116,00:00:04.825,4.8268,-10.977,30,5.703,0,-1500,0.9370959,0,528.444,-26.362,0,0
116,00:00:04.827,4.8284,-10.977,30,5.553,0,-1500,0.7514394,0,507.5905,-27.2625,0,0
116,00:00:04.828,4.83,-10.977,30,5.553,0,-1500,0.7514394,0,503.047,-26.8125,0,0
116,00:00:04.830,4.8316,-10.977,30,5.553,0,-1500,0.7514394,0,508.2895,-28.62,0,0
116,00:00:04.832,4.8332,-10.977,30,5.553,0,-1500,0.7514394,0,503.3965,-25.0095,0,0
116,00:00:04.833,4.8348,-10.977,30,5.403,0,-1500,0.8297625,0,482.543,-31.7785,0,0
116,00:00:04.835,4.8364,-10.977,30,5.403,0,-1500,0.8297625,0,479.048,-28.16949,0,0
116,00:00:04.836,4.838,-10.977,30,5.403,0,-1500,0.8297625,0,469.6115,-29.5265,0,0
116,00:00:04.838,4.8396,-10.977,30,5.328,0,-1500,0.8133265,0,464.369,-28.1705,0,0
116,00:00:04.840,4.8412,-10.977,30,5.253,0,-1500,0.7968906,0,442.7,-28.6235,0,0
116,00:00:04.841,4.8428,-10.977,30,5.253,0,-1500,0.7968906,0,427.6715,-25.91351,0,0
116,00:00:04.843,4.8444,-10.977,30,5.253,0,-1500,0.7968906,0,403.789,-26.814,0,0
116,00:00:04.844,4.846,-10.977,30,5.178,0,-1500,0.7564021,0,394.1195,-25.4615,0,0
116,00:00:04.846,4.8476,-10.977,30,5.103,0,-1500,0.7159137,0,384.217,-32.232,0,0
116,00:00:04.848,4.8492,-10.977,30,5.103,0,-1500,0.7159137,0,377.3435,-26.364,0,0
116,00:00:04.849,4.8508,-10.977,30,5.103,0,-1500,0.7159137,0,370.1205,-28.168,0,0
116,00:00:04.851,4.8524,-10.977,30,4.953,0,-1500,0.8491039,0,361.849,-27.7165,0,0
116,00:00:04.852,4.854,-10.977,30,4.953,0,-1500,0.8491039,0,354.16,-29.0735,0,0
116,00:00:04.854,4.8556,-10.977,30,4.953,0,-1500,0.8491039,0,351.131,-27.718,0,0
116,00:00:04.856,4.8572,-10.977,30,4.953,0,-1500,0.8491039,0,338.549,-27.7185,0,0
116,00:00:04.857,4.8588,-10.977,30,4.803,0,-1500,0.7090294,0,336.1025,-22.748,0,0
116,00:00:04.859,4.8604,-10.977,30,4.803,0,-1500,0.7090294,0,332.258,-24.104,0,0
116,00:00:04.860,4.862,-10.977,30,4.803,0,-1500,0.7090294,0,324.6855,-21.84451,0,0
116,00:00:04.862,4.8636,-10.977,30,4.728,0,-1500,0.7317073,0,332.258,-28.6195,0,0
116,00:00:04.864,4.8652,-10.977,30,4.653,0,-1500,0.7543853,0,333.5395,-25.9135,0,0
116,00:00:04.865,4.8668,-10.977,30,4.653,0,-1500,0.7543853,0,340.0635,-27.268,0,0
117,00:00:04.867,4.8684,-10.977,30,4.653,0,-1500,0.7543853,0,327.9475,-24.1045,0,0
117,00:00:04.868,4.87,-10.977,30,4.578,0,-1500,0.68686,0,330.2775,-24.105,0,0
117,00:00:04.870,4.8716,-10.977,30,4.503,0,-1500,0.6193347,0,336.685,-25.006,0,0
117,00:00:04.872,4.8732,-10.977,30,4.503,0,-1500,0.6193347,0,340.5295,-25.91,0,0
117,00:00:04.873,4.8748,-10.977,30,4.503,0,-1500,0.6193347,0,350.7815,-29.0745,0,0
117,00:00:04.875,4.8764,-10.977,30,4.353,0,-1500,0.7641889,0,357.7715,-27.71851,0,0
117,00:00:04.876,4.878,-10.977,30,4.353,0,-1500,0.7641889,0,371.0525,-28.623,0,0
117,00:00:04.878,4.8796,-10.977,30,4.353,0,-1500,0.7641889,0,373.1495,-22.296,0,0
117,00:00:04.880,4.8812,-10.977,30,4.353,0,-1500,0.7641889,0,382.2365,-23.201,0,0
117,00:00:04.881,4.8828,-10.977,30,4.203,0,-1500,0.9945439,0,389.576,-25.4625,0,0
117,00:00:04.883,4.8844,-10.977,30,4.203,0,-1500,0.9945439,0,393.1875,-31.7785,0,0
117,00:00:04.884,4.886,-10.977,30,4.203,0,-1500,0.9945439,0,401.3425,-24.5555,0,0
117,00:00:04.886,4.8876,-10.977,30,4.128,0,-1500,0.9349174,0,400.4105,-24.552,0,0
117,00:00:04.888,4.8892,-10.977,30,4.053,0,-1500,0.8752911,0,418.468,-27.719,0,0
117,00:00:04.889,4.8908,-10.977,30,4.053,0,-1500,0.8752911,0,414.1575,-27.7195,0,0
117,00:00:04.891,4.8924,-10.977,30,4.053,0,-1500,0.8752911,0,423.361,-29.07401,0,0
117,00:00:04.892,4.894,-10.977,30,3.978,0,-1500,0.9152156,0,433.7295,-28.627,0,0
117,00:00:04.894,4.8956,-10.977,30,3.903,0,-1500,0.95514,0,433.9625,-28.17,0,0
117,00:00:04.896,4.8972,-10.977,30,3.903,0,-1500,0.95514,0,433.9625,-27.72,0,0
117,00:00:04.897,4.8988,-10.977,30,3.903,0,-1500,0.95514,0,442.467,-22.7535,0,0
117,00:00:04.899,4.9004,-10.977,30,3.753,0,-1500,0.9194371,0,441.768,-28.1685,0,0
117,00:00:04.900,4.902,-10.977,30,3.753,0,-1500,0.9194371,0,433.846,-20.0405,0,0
117,00:00:04.902,4.9036,-10.977,30,3.753,0,-1500,0.9194371,0,441.768,-29.5215,0,0
117,00:00:04.904,4.9052,-10.977,30,3.753,0,-1500,0.9194371,0,439.438,-27.7175,0,0
117,00:00:04.905,4.9068,-10.977,30,3.603,0,-1500,0.8571287,0,446.195,-27.266,0,0
117,00:00:04.907,4.9084,-10.977,30,3.603,0,-1500,0.8571287,0,445.962,-26.3585,0,0
118,00:00:04.908,4.91,-10.977,30,3.603,0,-1500,0.8571287,0,449.8065,-27.718,0,0
118,00:00:04.910,4.9116,-10.977,30,3.528,0,-1500,0.9095494,0,457.379,-25.0075,0,0
118,00:00:04.912,4.9132,-10.977,30,3.453,0,-1500,0.96197,0,457.845,-29.073,0,0
118,00:00:04.913,4.9148,-10.977,30,3.453,0,-1500,0.96197,0,454.6995,-29.5265,0,0
118,00:00:04.915,4.9164,-10.977,30,3.453,0,-1500,0.96197,0,451.2045,-23.651,0,0
118,00:00:04.916,4.918,-10.977,30,3.378,0,-1500,0.9148937,0,444.9135,-26.3635,0,0
118,00:00:04.918,4.9196,-10.977,30,3.303,0,-1500,0.8678175,0,438.506,-22.29401,0,0
118,00:00:04.920,4.9212,-10.977,30,3.303,0,-1500,0.8678175,0,443.0495,-20.491,0,0
118,00:00:04.921,4.9228,-10.977,30,3.303,0,-1500,0.8678175,0,442.933,-22.298,0,0
118,00:00:04.923,4.9244,-10.977,30,3.153,0,-1500,0.839441,0,451.9035,-25.006,0,0
118,00:00:04.924,4.926,-10.977,30,3.153,0,-1500,0.839441,0,443.166,-27.2685,0,0
118,00:00:04.926,4.9276,-10.977,30,3.153,0,-1500,0.839441,0,439.205,-20.938,0,0
118,00:00:04.928,4.9292,-10.977,30,3.153,0,-1500,0.839441,0,436.2925,-23.2015,0,0
118,00:00:04.929,4.9308,-10.977,30,3.003,0,-1500,0.7865869,0,437.807,-20.03951,0,0
118,00:00:04.931,4.9324,-10.977,30,3.003,0,-1500,0.7865869,0,433.38,-20.9415,0,0
118,00:00:04.932,4.934,-10.977,30,3.003,0,-1500,0.7865869,0,423.128,-20.492,0,0
118,00:00:04.934,4.9356,-10.977,30,2.928,0,-1500,0.7896741,0,427.9045,-19.5855,0,0
118,00:00:04.936,4.9372,-10.977,30,2.853,0,-1500,0.7927613,0,416.604,-18.6855,0,0
118,00:00:04.937,4.9388,-10.977,30,2.853,0,-1500,0.7927613,0,414.274,-17.78,0,0
118,00:00:04.939,4.9404,-10.977,30,2.853,0,-1500,0.7927613,0,421.031,-19.1345,0,0
118,00:00:04.940,4.942,-10.977,30,2.778,0,-1500,0.9072542,0,428.254,-18.684,0,0
118,00:00:04.942,4.9436,-10.977,30,2.703,0,-1500,1.021747,0,424.992,-16.4255,0,0
118,00:00:04.944,4.9452,-10.977,30,2.703,0,-1500,1.021747,0,423.361,-16.876,0,0
118,00:00:04.945,4.9468,-10.977,30,2.703,0,-1500,1.021747,0,425.8075,-20.0375,0,0
118,00:00:04.947,4.9484,-10.977,30,2.553,0,-1500,0.9473447,0,425.1085,-21.844,0,0
118,00:00:04.948,4.95,-10.977,30,2.553,0,-1500,0.9473447,0,435.5935,-16.4275,0,0
119,00:00:04.950,4.9516,-10.977,30,2.553,0,-1500,0.9473447,0,430.2345,-18.233,0,0
119,00:00:04.952,4.9532,-10.977,30,2.553,0,-1500,0.9473447,0,433.4965,-16.4245,0,0
119,00:00:04.953,4.9548,-10.977,30,2.403,0,-1500,0.9813035,0,444.4475,-20.9435,0,0
119,00:00:04.955,4.9564,-10.977,30,2.403,0,-1500,0.9813035,0,440.836,-17.7765,0,0
119,00:00:04.956,4.958,-10.977,30,2.403,0,-1500,0.9813035,0,454.2335,-21.393,0,0
119,00:00:04.958,4.9596,-10.977,30,2.328,0,-1500,0.9582834,0,456.7965,-16.8755,0,0
119,00:00:04.960,4.9612,-10.977,30,2.253,0,-1500,0.9352633,0,457.612,-24.10149,0,0
119,00:00:04.961,4.9628,-10.977,30,2.253,0,-1500,0.9352633,0,462.1555,-20.492,0,0
119,00:00:04.963,4.9644,-10.977,30,2.253,0,-1500,0.9352633,0,452.6025,-22.292,0,0
119,00:00:04.964,4.966,-10.977,30,2.178,0,-1500,0.9139718,0,461.9225,-21.39751,0,0
119,00:00:04.966,4.9676,-10.977,30,2.103,0,-1500,0.8926803,0,455.8645,-19.132,0,0
119,00:00:04.968,4.9692,-10.977,30,2.103,0,-1500,0.8926803,0,451.6705,-19.58801,0,0
119,00:00:04.969,4.9708,-10.977,30,2.103,0,-1500,0.8926803,0,449.8065,-16.8785,0,0
119,00:00:04.971,4.9724,-10.977,30,1.953,0,-1500,0.9592955,0,440.2535,-20.939,0,0
119,00:00:04.972,4.974,-10.977,30,1.953,0,-1500,0.9592955,0,431.6325,-20.943,0,0
119,00:00:04.974,4.9756,-10.977,30,1.953,0,-1500,0.9592955,0,436.5255,-18.682,0,0
119,00:00:04.976,4.9772,-10.977,30,1.953,0,-1500,0.9592955,0,426.7395,-19.13599,0,0
119,00:00:04.977,4.9788,-10.977,30,1.803,0,-1500,0.8203196,0,434.1955,-21.3905,0,0
119,00:00:04.979,4.9804,-10.977,30,1.803,0,-1500,0.8203196,0,429.652,-21.3905,0,0
119,00:00:04.980,4.982,-10.977,30,1.803,0,-1500,0.8203196,0,442.1175,-20.03899,0,0
119,00:00:04.982,4.9836,-10.977,30,1.728,0,-1500,0.8221604,0,439.904,-21.8445,0,0
119,00:00:04.984,4.9852,-10.977,30,1.653,0,-1500,0.8240011,0,438.04,-24.103,0,0
119,00:00:04.985,4.9868,-10.977,30,1.653,0,-1500,0.8240011,0,432.7975,-19.585,0,0
119,00:00:04.987,4.9884,-10.977,30,1.653,0,-1500,0.8240011,0,426.39,-20.939,0,0
119,00:00:04.988,4.99,-10.977,30,1.578,0,-1500,0.824739,0,422.429,-23.6505,0,0
119,00:00:04.990,4.9916,-10.977,30,1.503,0,-1500,0.8254768,0,427.9045,-19.133,0,0
120,00:00:04.992,4.9932,-10.977,30,1.503,0,-1500,0.8254768,0,418.934,-24.554,0,0
120,00:00:04.993,4.9948,-10.977,30,1.503,0,-1500,0.8254768,0,411.3615,-18.6825,0,0
120,00:00:04.995,4.9964,-10.977,30,1.353,0,-1500,0.8003873,0,399.0125,-25.0055,0,0
120,00:00:04.996,4.998,-10.977,30,1.353,0,-1500,0.8003873,0,384.916,-30.882,0,0
120,00:00:04.998,4.9996,-10.977,30,1.353,0,-1500,0.8003873,0,364.645,-30.8805,0,0
120,00:00:05.000,5.0012,-10.977,30,1.353,0,-1500,0.8003873,0,350.898,-29.9785,0,0
120,00:00:05.001,5.0028,-10.977,30,1.203,0,-1500,0.9975793,0,349.966,-31.3345,0,0
120,00:00:05.003,5.0044,-10.977,30,1.203,0,-1500,0.9975793,0,348.9175,-23.6505,0,0
120,00:00:05.004,5.006,-10.977,30,1.203,0,-1500,0.9975793,0,338.316,-27.2675,0,0
120,00:00:05.006,5.0076,-10.977,30,1.128,0,-1500,0.9096336,0,340.0635,-23.6495,0,0
120,00:00:05.008,5.0092,-10.977,30,1.053,0,-1500,0.821688,0,336.8015,-28.171,0,0
120,00:00:05.009,5.0108,-10.977,30,1.053,0,-1500,0.821688,0,331.4425,-29.979,0,0
120,00:00:05.011,5.0124,-10.977,30,1.053,0,-1500,0.821688,0,331.326,-29.9755,0,0
120,00:00:05.012,5.014,-10.977,30,0.9779999,0,-1500,0.8386263,0,311.4045,-31.7815,0,0
120,00:00:05.014,5.0156,-10.977,30,0.9029999,0,-1500,0.8555645,0,328.1805,-28.1675,0,0
120,00:00:05.016,5.0172,-10.977,30,0.9029999,0,-1500,0.8555645,0,301.1525,-33.14,0,0
120,00:00:05.017,5.0188,-10.977,30,0.9029999,0,-1500,0.8555645,0,291.017,-29.526,0,0
120,00:00:05.019,5.0204,-10.977,30,0.7529998,0,-1500,0.6898988,0,274.5905,-29.07301,0,0
120,00:00:05.020,5.022,-10.977,30,0.7529998,0,-1500,0.6898988,0,256.999,-32.6885,0,0
120,00:00:05.022,5.0236,-10.977,30,0.7529998,0,-1500,0.6898988,0,252.4555,-25.46201,0,0
120,00:00:05.024,5.0252,-10.977,30,0.7529998,0,-1500,0.6898988,0,239.99,-29.9765,0,0
120,00:00:05.025,5.0268,-10.977,30,0.6029997,0,-1500,0.630137,0,247.213,-26.3625,0,0
120,00:00:05.027,5.0284,-10.977,30,0.6029997,0,-1500,0.630137,0,242.786,-27.715,0,0
120,00:00:05.028,5.03,-10.977,30,0.6029997,0,-1500,0.630137,0,250.5915,-27.719,0,0
120,00:00:05.030,5.0316,-10.977,30,0.5279999,0,-1500,0.7169816,0,226.01,-28.16599,0,0
120,00:00:05.032,5.0332,-10.977,30,0.4530001,0,-1500,0.8038263,0,237.5435,-30.4255,0,0
121,00:00:05.033,5.0348,-10.977,30,0.4530001,0,-1500,0.8038263,0,243.252,-30.42751,0,0
121,00:00:05.035,5.0364,-10.977,30,0.4530001,0,-1500,0.8038263,0,269.348,-26.3615,0,0
121,00:00:05.036,5.038,-10.977,30,0.378,0,-1500,0.7172524,0,275.5225,-28.17001,0,0
121,00:00:05.038,5.0396,-10.977,30,0.303,0,-1500,0.6306784,0,287.755,-29.0705,0,0
121,00:00:05.040,5.0412,-10.977,30,0.303,0,-1500,0.6306784,0,306.9775,-23.2005,0,0
121,00:00:05.041,5.0428,-10.977,30,0.303,0,-1500,0.6306784,0,275.5225,-24.108,0,0
121,00:00:05.043,5.0444,-10.977,30,0.1529999,0,-1498.892,0.7453417,0,272.144,-25.911,0,0
121,00:00:05.044,5.046,-10.977,30,0.1529999,0,-1498.892,0.7453417,0,246.281,-24.56,0,0
121,00:00:05.046,5.0476,-10.977,30,0.1529999,0,-1498.892,0.7453417,0,240.456,-19.58549,0,0
121,00:00:05.048,5.0492,-10.977,30,0.1529999,0,-1498.892,0.7453417,0,234.631,-23.6535,0,0
121,00:00:05.049,5.0508,-10.977,30,0.005000114,0,-1468.431,0.6520068,0,244.7665,-27.26701,0,0
121,00:00:05.051,5.0524,-10.977,30,0.005000114,0,-1468.431,0.6520068,0,235.4465,-22.2955,0,0
121,00:00:05.052,5.054,-10.977,30,0.005000114,0,-1468.431,0.6520068,0,238.2425,-25.0095,0,0
121,00:00:05.054,5.0556,-10.977,30,-0.06699991,0,-1435.016,0.71912,0,233,-25.00649,0,0
121,00:00:05.056,5.0572,-10.977,30,-0.1389999,0,-1401.6,0.7862331,0,238.2425,-23.6535,0,0
121,00:00:05.057,5.0588,-10.977,30,-0.1389999,0,-1401.6,0.7862331,0,246.1645,-19.5875,0,0
121,00:00:05.059,5.0604,-10.977,30,-0.1389999,0,-1401.6,0.7862331,0,244.65,-22.295,0,0
121,00:00:05.060,5.062,-10.977,30,-0.207,0,-1365.6,0.8920481,0,261.5425,-23.203,0,0
121,00:00:05.062,5.0636,-10.977,30,-0.2750001,0,-1329.6,0.997863,0,244.417,-21.8405,0,0
121,00:00:05.064,5.0652,-10.977,30,-0.2750001,0,-1329.6,0.997863,0,255.2515,-22.2985,0,0
121,00:00:05.065,5.0668,-10.977,30,-0.2750001,0,-1329.6,0.997863,0,237.5435,-20.94051,0,0
121,00:00:05.067,5.0684,-10.977,30,-0.4040003,0,-1257.6,0.8583187,0,247.912,-21.3945,0,0
121,00:00:05.068,5.07,-10.977,30,-0.4040003,0,-1257.6,0.8583187,0,230.0875,-18.231,0,0
121,00:00:05.070,5.0716,-10.977,30,-0.4040003,0,-1257.6,0.8583187,0,229.738,-25.4565,0,0
121,00:00:05.072,5.0732,-10.977,30,-0.4040003,0,-1257.6,0.8583187,0,226.3595,-25.4645,0,0
121,00:00:05.073,5.0748,-10.977,30,-0.526,0,-1185.6,0.8919384,0,228.9225,-20.945,0,0
122,00:00:05.075,5.0764,-10.977,30,-0.526,0,-1185.6,0.8919384,0,223.5635,-23.651,0,0
122,00:00:05.076,5.078,-10.977,30,-0.526,0,-1185.6,0.8919384,0,232.301,-24.5605,0,0
122,00:00:05.078,5.0796,-10.977,30,-0.5835001,0,-1149.6,0.8471345,0,234.7475,-21.843,0,0
122,00:00:05.080,5.0812,-10.977,30,-0.6410003,0,-1113.6,0.8023307,0,237.3105,-23.199,0,0
122,00:00:05.081,5.0828,-10.977,30,-0.6410003,0,-1113.6,0.8023307,0,239.291,-28.6205,0,0
122,00:00:05.083,5.0844,-10.977,30,-0.6410003,0,-1113.6,0.8023307,0,236.728,-24.102,0,0
122,00:00:05.084,5.086,-10.977,30,-0.6950002,0,-1077.6,0.7809012,0,240.456,-25.9105,0,0
122,00:00:05.086,5.0876,-10.977,30,-0.7490001,0,-1041.6,0.7594717,0,238.825,-20.0335,0,0
122,00:00:05.088,5.0892,-10.977,30,-0.7490001,0,-1041.6,0.7594717,0,237.7765,-29.5265,0,0
122,00:00:05.089,5.0908,-10.977,30,-0.7490001,0,-1041.6,0.7594717,0,231.0195,-24.1055,0,0
122,00:00:05.091,5.0924,-10.977,30,-0.849,0,-969.6003,0.8891569,0,230.204,-26.361,0,0
122,00:00:05.092,5.094,-10.977,30,-0.849,0,-969.6003,0.8891569,0,228.806,-25.916,0,0
122,00:00:05.094,5.0956,-10.977,30,-0.849,0,-969.6003,0.8891569,0,229.8545,-28.62151,0,0
122,00:00:05.096,5.0972,-10.977,30,-0.849,0,-969.6003,0.8891569,0,226.942,-25.912,0,0
122,00:00:05.097,5.0988,-10.977,30,-0.9419999,0,-897.6001,0.7814439,0,228.9225,-29.5235,0,0
122,00:00:05.099,5.1004,-10.977,30,-0.9419999,0,-897.6001,0.7814439,0,225.4275,-25.4595,0,0
122,00:00:05.100,5.102,-10.977,30,-0.9419999,0,-897.6001,0.7814439,0,227.175,-27.7185,0,0
122,00:00:05.102,5.1036,-10.977,30,-0.9850001,0,-861.6002,0.8035501,0,220.651,-23.19901,0,0
122,00:00:05.104,5.1052,-10.977,30,-1.028,0,-825.6003,0.8256563,0,222.8645,-25.46,0,0
122,00:00:05.105,5.1068,-10.977,30,-1.028,0,-825.6003,0.8256563,0,213.7775,-20.945,0,0
122,00:00:05.107,5.1084,-10.977,30,-1.028,0,-825.6003,0.8256563,0,215.758,-25.458,0,0
122,00:00:05.108,5.11,-10.977,30,-1.0675,0,-789.6003,0.8185335,0,221.2335,-24.55801,0,0
122,00:00:05.110,5.1116,-10.977,30,-1.107,0,-753.6003,0.8114108,0,215.8745,-24.10101,0,0
122,00:00:05.112,5.1132,-10.977,30,-1.107,0,-753.6003,0.8114108,0,224.0295,-22.2975,0,0
122,00:00:05.113,5.1148,-10.977,30,-1.107,0,-753.6003,0.8114108,0,221.6995,-26.3635,0,0
122,00:00:05.115,5.1164,-10.977,30,-1.178,0,-681.6003,0.8724797,0,223.7965,-21.8435,0,0
123,00:00:05.116,5.118,-10.977,30,-1.178,0,-681.6003,0.8724797,0,223.214,-27.719,0,0
123,00:00:05.118,5.1196,-10.977,30,-1.178,0,-681.6003,0.8724797,0,220.185,-21.8455,0,0
123,00:00:05.120,5.1212,-10.977,30,-1.178,0,-681.6003,0.8724797,0,219.486,-24.5545,0,0
123,00:00:05.121,5.1228,-10.977,30,-1.242,0,-609.6003,1.022501,0,219.3695,-22.30051,0,0
123,00:00:05.123,5.1244,-10.977,30,-1.242,0,-609.6003,1.022501,0,221.35,-22.7445,0,0
123,00:00:05.124,5.126,-10.977,30,-1.242,0,-609.6003,1.022501,0,216.69,-22.2995,0,0
123,00:00:05.126,5.1276,-10.977,30,-1.271,0,-573.6003,0.9985105,0,214.0105,-26.363,0,0
123,00:00:05.128,5.1292,-10.977,30,-1.3,0,-537.6003,0.9745201,0,215.292,-21.848,0,0
123,00:00:05.129,5.1308,-10.977,30,-1.3,0,-537.6003,0.9745201,0,209.234,-25.9115,0,0
123,00:00:05.131,5.1324,-10.977,30,-1.3,0,-537.6003,0.9745201,0,210.2825,-20.9415,0,0
123,00:00:05.132,5.134,-10.977,30,-1.325,0,-501.6003,0.9935796,0,206.438,-27.269,0,0
123,00:00:05.134,5.1356,-10.977,30,-1.35,0,-465.6003,1.012639,0,208.8845,-19.5845,0,0
123,00:00:05.136,5.1372,-10.977,30,-1.35,0,-465.6003,1.012639,0,205.3895,-20.9385,0,0
123,00:00:05.137,5.1388,-10.977,30,-1.35,0,-465.6003,1.012639,0,205.6225,-23.656,0,0
123,00:00:05.139,5.1404,-10.977,30,-1.392,0,-393.6003,0.89542,0,205.506,-25.4565,0,0
123,00:00:05.140,5.142,-10.977,30,-1.392,0,-393.6003,0.89542,0,209.933,-20.491,0,0
123,00:00:05.142,5.1436,-10.977,30,-1.392,0,-393.6003,0.89542,0,207.7195,-22.744,0,0
123,00:00:05.144,5.1452,-10.977,30,-1.392,0,-393.6003,0.89542,0,206.0885,-17.779,0,0
123,00:00:05.145,5.1468,-10.977,30,-1.428,0,-321.6002,0.870021,0,203.9915,-20.03851,0,0
123,00:00:05.147,5.1484,-10.977,30,-1.428,0,-321.6002,0.870021,0,204.341,-17.32201,0,0
123,00:00:05.148,5.15,-10.977,30,-1.428,0,-321.6002,0.870021,0,199.681,-25.4605,0,0
123,00:00:05.150,5.1516,-10.977,30,-1.442,0,-285.6001,0.900452,0,199.5645,-16.4235,0,0
123,00:00:05.152,5.1532,-10.977,30,-1.456,0,-249.6001,0.9308831,0,201.079,-18.6825,0,0
123,00:00:05.153,5.1548,-10.977,30,-1.456,0,-249.6001,0.9308831,0,197.7005,-20.49049,0,0
123,00:00:05.155,5.1564,-10.977,30,-1.456,0,-249.6001,0.9308831,0,198.6325,-21.8405,0,0
123,00:00:05.156,5.158,-10.977,30,-1.4665,0,-213.6001,0.8862722,0,198.3995,-20.0405,0,0
124,00:00:05.158,5.1596,-10.977,30,-1.477,0,-177.6002,0.8416612,0,199.448,-17.776,0,0
124,00:00:05.160,5.1612,-10.977,30,-1.477,0,-177.6002,0.8416612,0,196.885,-17.779,0,0
124,00:00:05.161,5.1628,-10.977,30,-1.477,0,-177.6002,0.8416612,0,193.9725,-21.39349,0,0
124,00:00:05.163,5.1644,-10.977,30,-1.491,0,-105.6001,0.8679453,0,190.361,-15.066,0,0
124,00:00:05.164,5.166,-10.977,30,-1.491,0,-105.6001,0.8679453,0,185.1185,-22.7495,0,0
124,00:00:05.166,5.1676,-10.977,30,-1.491,0,-105.6001,0.8679453,0,181.74,-15.5185,0,0
124,00:00:05.168,5.1692,-10.977,30,-1.491,0,-105.6001,0.8679453,0,177.8955,-22.2965,0,0
124,00:00:05.169,5.1708,-10.977,30,-1.498,0,-37.47718,0.8183902,0,174.6335,-18.684,0,0
124,00:00:05.171,5.1724,-10.977,30,-1.498,0,-37.47718,0.8183902,0,173.7015,-21.843,0,0
124,00:00:05.172,5.174,-10.977,30,-1.498,0,-37.47718,0.8183902,0,170.9055,-21.397,0,0
124,00:00:05.174,5.1756,-10.977,30,-1.4985,0,-16.84629,0.8427585,0,169.857,-20.94,0,0
124,00:00:05.176,5.1772,-10.977,30,-1.499,0,3.784588,0.8671268,0,144.693,-17.3325,0,0
124,00:00:05.177,5.1788,-10.977,30,-1.499,0,3.784588,0.8671268,0,119.296,-23.658,0,0
124,00:00:05.179,5.1804,-10.977,30,-1.499,0,3.784588,0.8671268,0,81.084,-19.1305,0,0
124,00:00:05.180,5.182,-10.977,30,-1.4985,0,27.36927,0.9543419,0,48.464,-22.753,0,0
124,00:00:05.182,5.1836,-10.977,30,-1.498,0,50.95396,1.041557,0,1.5145,-21.3945,0,0
124,00:00:05.184,5.1852,-10.977,30,-1.498,0,50.95396,1.041557,0,-34.251,-23.1975,0,0
124,00:00:05.185,5.1868,-10.977,30,-1.498,0,50.95396,1.041557,0,-58.8325,-22.7435,0,0
124,00:00:05.187,5.1884,-10.977,30,-1.489,0,122.4002,0.9774067,0,-68.1525,-26.80499,0,0
124,00:00:05.188,5.19,-10.977,30,-1.489,0,122.4002,0.9774067,0,-61.6285,-24.558,0,0
124,00:00:05.190,5.1916,-10.977,30,-1.489,0,122.4002,0.9774067,0,-68.6185,-25.9085,0,0
124,00:00:05.192,5.1932,-10.977,30,-1.489,0,122.4002,0.9774067,0,-62.677,-23.2,0,0
124,00:00:05.193,5.1948,-10.977,30,-1.473,0,194.4,1.009645,0,-64.774,-27.27,0,0
124,00:00:05.195,5.1964,-10.977,30,-1.473,0,194.4,1.009645,0,-58.25,-25.01,0,0
124,00:00:05.196,5.198,-10.977,30,-1.473,0,194.4,1.009645,0,-52.0755,-27.2695,0,0
124,00:00:05.198,5.1996,-10.977,30,-1.461,0,230.3999,0.9140558,0,-53.2405,-26.817,0,0
125,00:00:05.200,5.2012,-10.977,30,-1.449,0,266.3999,0.8184669,0,-50.6775,-30.428,0,0
125,00:00:05.201,5.2028,-10.977,30,-1.449,0,266.3999,0.8184669,0,-50.2115,-29.5275,0,0
125,00:00:05.203,5.2044,-10.977,30,-1.449,0,266.3999,0.8184669,0,-50.095,-30.8775,0,0
125,00:00:05.204,5.206,-10.977,30,-1.434,0,302.4,0.7763484,0,-44.27,-26.8155,0,0
125,00:00:05.206,5.2076,-10.977,30,-1.419,0,338.4,0.7342299,0,-47.1825,-28.16949,0,0
125,00:00:05.208,5.2092,-10.977,30,-1.419,0,338.4,0.7342299,0,-43.2215,-30.4275,0,0
125,00:00:05.209,5.2108,-10.977,30,-1.419,0,338.4,0.7342299,0,-46.9495,-30.4285,0,0
125,00:00:05.211,5.2124,-10.977,30,-1.381,0,410.4001,0.812548,0,-43.105,-28.163,0,0
125,00:00:05.212,5.214,-10.977,30,-1.381,0,410.4001,0.812548,0,-48.1145,-32.2335,0,0
125,00:00:05.214,5.2156,-10.977,30,-1.381,0,410.4001,0.812548,0,-41.241,-28.6185,0,0
125,00:00:05.216,5.2172,-10.977,30,-1.381,0,410.4001,0.812548,0,-46.0175,-30.8775,0,0
125,00:00:05.217,5.2188,-10.977,30,-1.336,0,482.4,0.5909621,0,-36.581,-26.363,0,0
125,00:00:05.219,5.2204,-10.977,30,-1.336,0,482.4,0.5909621,0,-40.542,-29.5205,0,0
125,00:00:05.220,5.222,-10.977,30,-1.336,0,482.4,0.5909621,0,-36.115,-28.6225,0,0
125,00:00:05.222,5.2236,-10.977,30,-1.31,0,518.4,0.6559244,0,-39.843,-30.883,0,0
125,00:00:05.224,5.2252,-10.977,30,-1.284,0,554.4,0.7208867,0,-38.445,-29.9805,0,0
125,00:00:05.225,5.2268,-10.977,30,-1.284,0,554.4,0.7208867,0,-38.678,-30.882,0,0
125,00:00:05.227,5.2284,-10.977,30,-1.284,0,554.4,0.7208867,0,-37.28,-21.8475,0,0
125,00:00:05.228,5.23,-10.977,30,-1.2545,0,590.4001,0.6635227,0,-36.6975,-28.168,0,0
125,00:00:05.230,5.2316,-10.977,30,-1.225,0,626.4001,0.6061587,0,-37.1635,-23.65,0,0
125,00:00:05.232,5.2332,-10.977,30,-1.225,0,626.4001,0.6061587,0,-34.018,-29.52399,0,0
125,00:00:05.233,5.2348,-10.977,30,-1.225,0,626.4001,0.6061587,0,-31.222,-24.104,0,0
125,00:00:05.235,5.2364,-10.977,30,-1.159,0,698.4,0.7523904,0,-29.9405,-27.7155,0,0
125,00:00:05.236,5.238,-10.977,30,-1.159,0,698.4,0.7523904,0,-27.028,-26.3605,0,0
125,00:00:05.238,5.2396,-10.977,30,-1.159,0,698.4,0.7523904,0,-31.5715,-26.81551,0,0
125,00:00:05.240,5.2412,-10.977,30,-1.159,0,698.4,0.7523904,0,-27.8435,-24.104,0,0
126,00:00:05.241,5.2428,-10.977,30,-1.085,0,770.4002,0.9773637,0,-30.29,-28.169,0,0
126,00:00:05.243,5.2444,-10.977,30,-1.085,0,770.4002,0.9773637,0,-29.358,-25.4565,0,0
126,00:00:05.244,5.246,-10.977,30,-1.085,0,770.4002,0.9773637,0,-30.29,-26.363,0,0
126,00:00:05.246,5.2476,-10.977,30,-1.0445,0,806.4001,0.9129418,0,-24.1155,-23.652,0,0
126,00:00:05.248,5.2492,-10.977,30,-1.004,0,842.4001,0.84852,0,-32.154,-24.55701,0,0
126,00:00:05.249,5.2508,-10.977,30,-1.004,0,842.4001,0.84852,0,-30.29,-25.46,0,0
126,00:00:05.251,5.2524,-10.977,30,-1.004,0,842.4001,0.84852,0,-33.319,-25.0105,0,0
126,00:00:05.252,5.254,-10.977,30,-0.96,0,878.4001,0.8455471,0,-30.29,-26.367,0,0
126,00:00:05.254,5.2556,-10.977,30,-0.9159999,0,914.4,0.8425742,0,-22.4845,-26.36,0,0
126,00:00:05.256,5.2572,-10.977,30,-0.9159999,0,914.4,0.8425742,0,-16.1935,-19.592,0,0
126,00:00:05.257,5.2588,-10.977,30,-0.9159999,0,914.4,0.8425742,0,-24.465,-22.7455,0,0
126,00:00:05.259,5.2604,-10.977,30,-0.8210001,0,986.3998,0.7773582,0,-23.067,-23.199,0,0
126,00:00:05.260,5.262,-10.977,30,-0.8210001,0,986.3998,0.7773582,0,-18.873,-26.8105,0,0
126,00:00:05.262,5.2636,-10.977,30,-0.8210001,0,986.3998,0.7773582,0,-20.271,-21.394,0,0
126,00:00:05.264,5.2652,-10.977,30,-0.8210001,0,986.3998,0.7773582,0,-16.8925,-28.61549,0,0
126,00:00:05.265,5.2668,-10.977,30,-0.7179999,0,1058.4,0.7026509,0,-25.2805,-20.939,0,0
126,00:00:05.267,5.2684,-10.977,30,-0.7179999,0,1058.4,0.7026509,0,-20.3875,-26.3645,0,0
126,00:00:05.268,5.27,-10.977,30,-0.7179999,0,1058.4,0.7026509,0,-24.232,-20.036,0,0
126,00:00:05.270,5.2716,-10.977,30,-0.6630001,0,1094.4,0.7439618,0,-26.562,-22.296,0,0
126,00:00:05.272,5.2732,-10.977,30,-0.6080003,0,1130.4,0.7852727,0,-20.504,-23.6555,0,0
126,00:00:05.273,5.2748,-10.977,30,-0.6080003,0,1130.4,0.7852727,0,-21.5525,-27.26601,0,0
126,00:00:05.275,5.2764,-10.977,30,-0.6080003,0,1130.4,0.7852727,0,-39.7265,-26.36449,0,0
126,00:00:05.276,5.278,-10.977,30,-0.5500002,0,1166.4,0.6913692,0,-24.698,-20.944,0,0
126,00:00:05.278,5.2796,-10.977,30,-0.4920001,0,1202.4,0.5974658,0,-36.6975,-24.098,0,0
126,00:00:05.280,5.2812,-10.977,30,-0.4920001,0,1202.4,0.5974658,0,-36.6975,-22.3005,0,0
126,00:00:05.281,5.2828,-10.977,30,-0.4920001,0,1202.4,0.5974658,0,-35.0665,-24.555,0,0
127,00:00:05.283,5.2844,-10.977,30,-0.368,0,1274.4,0.773374,0,-44.6195,-27.267,0,0
127,00:00:05.284,5.286,-10.977,30,-0.368,0,1274.4,0.773374,0,-43.804,-28.17101,0,0
127,00:00:05.286,5.2876,-10.977,30,-0.368,0,1274.4,0.773374,0,-42.9885,-21.39,0,0
127,00:00:05.288,5.2892,-10.977,30,-0.368,0,1274.4,0.773374,0,-51.493,-23.203,0,0
127,00:00:05.289,5.2908,-10.977,30,-0.2360001,0,1346.4,0.6643495,0,-62.444,-22.74751,0,0
127,00:00:05.291,5.2924,-10.977,30,-0.2360001,0,1346.4,0.6643495,0,-79.5695,-26.8135,0,0
127,00:00:05.292,5.294,-10.977,30,-0.2360001,0,1346.4,0.6643495,0,-98.67551,-21.393,0,0
127,00:00:05.294,5.2956,-10.977,30,-0.1670001,0,1382.4,0.7321781,0,-111.2575,-22.295,0,0
127,00:00:05.296,5.2972,-10.977,30,-0.09800005,0,1418.4,0.8000067,0,-123.257,-23.656,0,0
127,00:00:05.297,5.2988,-10.977,30,-0.09800005,0,1418.4,0.8000067,0,-113.471,-27.72,0,0
127,00:00:05.299,5.3004,-10.977,30,-0.09800005,0,1418.4,0.8000067,0,-96.1125,-27.2705,0,0
127,00:00:05.300,5.302,-10.977,30,-0.0250001,0,1448.539,0.9329894,0,-89.5885,-27.27,0,0
127,00:00:05.302,5.3036,-10.977,30,0.04799986,0,1478.677,1.065972,0,-83.647,-27.7205,0,0
127,00:00:05.304,5.3052,-10.977,30,0.04799986,0,1478.677,1.065972,0,-77.93851,-24.555,0,0
127,00:00:05.305,5.3068,-10.977,30,0.04799986,0,1478.677,1.065972,0,-75.026,-23.654,0,0
127,00:00:05.307,5.3084,-10.977,30,0.197,0,1499.723,1.045395,0,-64.4245,-22.294,0,0
127,00:00:05.308,5.31,-10.977,30,0.197,0,1499.723,1.045395,0,-68.269,-20.9435,0,0
127,00:00:05.310,5.3116,-10.977,30,0.197,0,1499.723,1.045395,0,-77.123,-23.2,0,0
127,00:00:05.312,5.3132,-10.977,30,0.197,0,1499.723,1.045395,0,-69.89999,-24.5565,0,0
127,00:00:05.313,5.3148,-10.977,30,0.3469996,0,1500,1.032878,0,-77.9385,-25.4615,0,0
127,00:00:05.315,5.3164,-10.977,30,0.3469996,0,1500,1.032878,0,-85.8605,-25.459,0,0
127,00:00:05.316,5.318,-10.977,30,0.3469996,0,1500,1.032878,0,-95.1805,-28.173,0,0
127,00:00:05.318,5.3196,-10.977,30,0.4219997,0,1500,0.9907029,0,-106.015,-25.4565,0,0
127,00:00:05.320,5.3212,-10.977,30,0.4969997,0,1500,0.9485279,0,-120.5775,-20.944,0,0
127,00:00:05.321,5.3228,-10.977,30,0.4969997,0,1500,0.9485279,0,-125.82,-25.0055,0,0
127,00:00:05.323,5.3244,-10.977,30,0.4969997,0,1500,0.9485279,0,-140.732,-26.814,0,0
128,00:00:05.324,5.326,-10.977,30,0.5719998,0,1500,0.8969423,0,-148.7705,-20.9425,0,0
128,00:00:05.326,5.3276,-10.977,30,0.6469998,0,1500,0.8453565,0,-162.401,-21.39349,0,0
128,00:00:05.328,5.3292,-10.977,30,0.6469998,0,1500,0.8453565,0,-163.4495,-23.2025,0,0
128,00:00:05.329,5.3308,-10.977,30,0.6469998,0,1500,0.8453565,0,-163.566,-22.297,0,0
128,00:00:05.331,5.3324,-10.977,30,0.7969999,0,1500,0.9074464,0,-166.362,-23.2,0,0
128,00:00:05.332,5.334,-10.977,30,0.7969999,0,1500,0.9074464,0,-172.3035,-25.0075,0,0
128,00:00:05.334,5.3356,-10.977,30,0.7969999,0,1500,0.9074464,0,-177.4295,-21.394,0,0
128,00:00:05.336,5.3372,-10.977,30,0.7969999,0,1500,0.9074464,0,-186.866,-19.133,0,0
128,00:00:05.337,5.3388,-10.977,30,0.947,0,1500,0.8319468,0,-200.2635,-18.68,0,0
128,00:00:05.339,5.3404,-10.977,30,0.947,0,1500,0.8319468,0,-206.671,-22.2925,0,0
128,00:00:05.340,5.342,-10.977,30,0.947,0,1500,0.8319468,0,-222.3985,-24.10049,0,0
128,00:00:05.342,5.3436,-10.977,30,1.022,0,1500,0.8548335,0,-231.0195,-19.5845,0,0
128,00:00:05.344,5.3452,-10.977,30,1.097,0,1500,0.8777202,0,-244.883,-19.5845,0,0
128,00:00:05.345,5.3468,-10.977,30,1.097,0,1500,0.8777202,0,-258.863,-17.779,0,0
128,00:00:05.347,5.3484,-10.977,30,1.097,0,1500,0.8777202,0,-271.0955,-17.326,0,0
128,00:00:05.348,5.35,-10.977,30,1.172,0,1500,0.8601573,0,-277.6195,-21.395,0,0
128,00:00:05.350,5.3516,-10.977,30,1.247,0,1500,0.8425943,0,-282.862,-20.9445,0,0
128,00:00:05.352,5.3532,-10.977,30,1.247,0,1500,0.8425943,0,-285.425,-24.105,0,0
128,00:00:05.353,5.3548,-10.977,30,1.247,0,1500,0.8425943,0,-297.075,-20.494,0,0
128,00:00:05.355,5.3564,-10.977,30,1.397,0,1500,0.8998609,0,-295.91,-20.9405,0,0
128,00:00:05.356,5.358,-10.977,30,1.397,0,1500,0.8998609,0,-293.58,-21.3975,0,0
128,00:00:05.358,5.3596,-10.977,30,1.397,0,1500,0.8998609,0,-296.0265,-19.5845,0,0
128,00:00:05.360,5.3612,-10.977,30,1.397,0,1500,0.8998609,0,-299.5215,-15.9745,0,0
128,00:00:05.361,5.3628,-10.977,30,1.547,0,1500,1.092958,0,-310.4725,-19.132,0,0
128,00:00:05.363,5.3644,-10.977,30,1.547,0,1500,1.092958,0,-318.278,-18.227,0,0
128,00:00:05.364,5.366,-10.977,30,1.547,0,1500,1.092958,0,-323.5205,-22.295,0,0
129,00:00:05.366,5.3676,-10.977,30,1.622,0,1500,1.094089,0,-327.4815,-21.39149,0,0
129,00:00:05.368,5.3692,-10.977,30,1.697,0,1500,1.09522,0,-340.9955,-22.7495,0,0
129,00:00:05.369,5.3708,-10.977,30,1.697,0,1500,1.09522,0,-352.762,-22.7485,0,0
129,00:00:05.371,5.3724,-10.977,30,1.697,0,1500,1.09522,0,-375.7125,-17.778,0,0
129,00:00:05.372,5.374,-10.977,30,1.772,0,1500,1.104822,0,-378.2755,-21.393,0,0
129,00:00:05.374,5.3756,-10.977,30,1.847,0,1500,1.114423,0,-387.479,-22.75,0,0
129,00:00:05.376,5.3772,-10.977,30,1.847,0,1500,1.114423,0,-389.11,-20.48849,0,0
129,00:00:05.377,5.3788,-10.977,30,1.847,0,1500,1.114423,0,-395.0515,-22.297,0,0
129,00:00:05.379,5.3804,-10.977,30,1.997,0,1500,1.005455,0,-395.7505,-19.587,0,0
129,00:00:05.380,5.382,-10.977,30,1.997,0,1500,1.005455,0,-394.3525,-22.7475,0,0
129,00:00:05.382,5.3836,-10.977,30,1.997,0,1500,1.005455,0,-393.304,-22.29951,0,0
129,00:00:05.384,5.3852,-10.977,30,1.997,0,1500,1.005455,0,-392.605,-24.5545,0,0
129,00:00:05.385,5.3868,-10.977,30,2.147,0,1500,0.8899625,0,-389.4595,-22.2975,0,0
129,00:00:05.387,5.3884,-10.977,30,2.147,0,1500,0.8899625,0,-392.372,-23.6515,0,0
129,00:00:05.388,5.39,-10.977,30,2.147,0,1500,0.8899625,0,-397.3815,-22.7475,0,0
129,00:00:05.390,5.3916,-10.977,30,2.222,0,1500,0.9295534,0,-403.2065,-25.004,0,0
129,00:00:05.392,5.3932,-10.977,30,2.297,0,1500,0.9691443,0,-405.187,-26.80949,0,0
129,00:00:05.393,5.3948,-10.977,30,2.297,0,1500,0.9691443,0,-411.3615,-30.87749,0,0
129,00:00:05.395,5.3964,-10.977,30,2.297,0,1500,0.9691443,0,-412.7595,-31.78,0,0
129,00:00:05.396,5.398,-10.977,30,2.372,0,1500,0.9104064,0,-416.138,-29.5225,0,0
129,00:00:05.398,5.3996,-10.977,30,2.447,0,1500,0.8516684,0,-413.575,-25.0035,0,0
129,00:00:05.400,5.4012,-10.977,30,2.447,0,1500,0.8516684,0,-416.2545,-24.10751,0,0
129,00:00:05.401,5.4028,-10.977,30,2.447,0,1500,0.8516684,0,-422.5455,-28.1735,0,0
129,00:00:05.403,5.4044,-10.977,30,2.597,0,1500,0.845508,0,-423.827,-29.0745,0,0
129,00:00:05.404,5.406,-10.977,30,2.597,0,1500,0.845508,0,-425.3415,-30.432,0,0
129,00:00:05.406,5.4076,-10.977,30,2.597,0,1500,0.845508,0,-427.9045,-31.3315,0,0
130,00:00:05.408,5.4092,-10.977,30,2.597,0,1500,0.845508,0,-431.05,-29.527,0,0
130,00:00:05.409,5.4108,-10.977,30,2.747,0,1500,0.7438963,0,-435.1275,-32.233,0,0
130,00:00:05.411,5.4124,-10.977,30,2.747,0,1500,0.7438963,0,-444.9135,-30.87801,0,0
130,00:00:05.412,5.414,-10.977,30,2.747,0,1500,0.7438963,0,-448.4085,-23.1985,0,0
130,00:00:05.414,5.4156,-10.977,30,2.822,0,1500,0.7604783,0,-446.0785,-28.169,0,0
130,00:00:05.416,5.4172,-10.977,30,2.897,0,1500,0.7770603,0,-445.8455,-32.234,0,0
130,00:00:05.417,5.4188,-10.977,30,2.897,0,1500,0.7770603,0,-449.5735,-29.974,0,0
130,00:00:05.419,5.4204,-10.977,30,2.897,0,1500,0.7770603,0,-451.4375,-29.526,0,0
130,00:00:05.420,5.422,-10.977,30,2.972,0,1500,0.8961318,0,-446.428,-28.6225,0,0
130,00:00:05.422,5.4236,-10.977,30,3.046999,0,1500,1.015203,0,-435.3605,-26.81451,0,0
130,00:00:05.424,5.4252,-10.977,30,3.046999,0,1500,1.015203,0,-433.7295,-30.87749,0,0
130,00:00:05.425,5.4268,-10.977,30,3.046999,0,1500,1.015203,0,-447.2435,-32.238,0,0
130,00:00:05.427,5.4284,-10.977,30,3.197,0,1500,0.8374302,0,-442.1175,-27.717,0,0
130,00:00:05.428,5.43,-10.977,30,3.197,0,1500,0.8374302,0,-442.1175,-29.0735,0,0
130,00:00:05.430,5.4316,-10.977,30,3.197,0,1500,0.8374302,0,-437.9235,-25.006,0,0
130,00:00:05.432,5.4332,-10.977,30,3.197,0,1500,0.8374302,0,-423.128,-26.36401,0,0
130,00:00:05.433,5.4348,-10.977,30,3.347,0,1500,0.9220611,0,-413.2255,-27.269,0,0
130,00:00:05.435,5.4364,-10.977,30,3.347,0,1500,0.9220611,0,-405.42,-29.524,0,0
130,00:00:05.436,5.438,-10.977,30,3.347,0,1500,0.9220611,0,-399.9445,-23.2035,0,0
130,00:00:05.438,5.4396,-10.977,30,3.422,0,1500,0.8923407,0,-401.8085,-23.201,0,0
130,00:00:05.440,5.4412,-10.977,30,3.497,0,1500,0.8626202,0,-398.0805,-23.655,0,0
130,00:00:05.441,5.4428,-10.977,30,3.497,0,1500,0.8626202,0,-391.5565,-26.813,0,0
130,00:00:05.443,5.4444,-10.977,30,3.497,0,1500,0.8626202,0,-374.7805,-28.6185,0,0
130,00:00:05.444,5.446,-10.977,30,3.572,0,1500,0.8401269,0,-364.5285,-26.8145,0,0
130,00:00:05.446,5.4476,-10.977,30,3.647,0,1500,0.8176336,0,-363.713,-23.1965,0,0
130,00:00:05.448,5.4492,-10.977,30,3.647,0,1500,0.8176336,0,-366.8585,-25.9105,0,0
131,00:00:05.449,5.4508,-10.977,30,3.647,0,1500,0.8176336,0,-362.4315,-22.7465,0,0
131,00:00:05.451,5.4524,-10.977,30,3.796999,0,1500,0.9250578,0,-365.577,-24.102,0,0
131,00:00:05.452,5.454,-10.977,30,3.796999,0,1500,0.9250578,0,-359.6355,-22.75,0,0
131,00:00:05.454,5.4556,-10.977,30,3.796999,0,1500,0.9250578,0,-361.15,-21.39449,0,0
131,00:00:05.456,5.4572,-10.977,30,3.796999,0,1500,0.9250578,0,-365.9265,-15.974,0,0
131,00:00:05.457,5.4588,-10.977,30,3.947,0,1500,0.780316,0,-360.917,-22.748,0,0
131,00:00:05.459,5.4604,-10.977,30,3.947,0,1500,0.780316,0,-364.179,-23.20351,0,0
131,00:00:05.460,5.462,-10.977,30,3.947,0,1500,0.780316,0,-362.082,-24.555,0,0
131,00:00:05.462,5.4636,-10.977,30,4.022,0,1500,0.766951,0,-367.441,-19.5865,0,0
131,00:00:05.464,5.4652,-10.977,30,4.097,0,1500,0.7535859,0,-371.5185,-23.198,0,0
131,00:00:05.465,5.4668,-10.977,30,4.097,0,1500,0.7535859,0,-378.159,-18.23,0,0
131,00:00:05.467,5.4684,-10.977,30,4.097,0,1500,0.7535859,0,-376.295,-21.39149,0,0
131,00:00:05.468,5.47,-10.977,30,4.172,0,1500,0.6963128,0,-376.062,-22.7485,0,0
131,00:00:05.470,5.4716,-10.977,30,4.247,0,1500,0.6390396,0,-378.625,-20.035,0,0
131,00:00:05.472,5.4732,-10.977,30,4.247,0,1500,0.6390396,0,-381.421,-18.231,0,0
131,00:00:05.473,5.4748,-10.977,30,4.247,0,1500,0.6390396,0,-387.3625,-22.2985,0,0
131,00:00:05.475,5.4764,-10.977,30,4.397,0,1500,0.7334797,0,-395.401,-19.1375,0,0
131,00:00:05.476,5.478,-10.977,30,4.397,0,1500,0.7334797,0,-404.6045,-23.6565,0,0
131,00:00:05.478,5.4796,-10.977,30,4.397,0,1500,0.7334797,0,-415.3225,-23.653,0,0
131,00:00:05.480,5.4812,-10.977,30,4.397,0,1500,0.7334797,0,-428.953,-27.269,0,0
131,00:00:05.481,5.4828,-10.977,30,4.546999,0,1500,0.9560785,0,-446.0785,-22.2975,0,0
131,00:00:05.483,5.4844,-10.977,30,4.546999,0,1500,0.9560785,0,-458.8935,-24.1025,0,0
131,00:00:05.484,5.486,-10.977,30,4.546999,0,1500,0.9560785,0,-473.689,-21.396,0,0
131,00:00:05.486,5.4876,-10.977,30,4.622,0,1500,0.8921556,0,-487.436,-23.64899,0,0
131,00:00:05.488,5.4892,-10.977,30,4.697,0,1500,0.8282328,0,-502.4645,-21.3955,0,0
131,00:00:05.489,5.4908,-10.977,30,4.697,0,1500,0.8282328,0,-513.066,-23.19849,0,0
132,00:00:05.491,5.4924,-10.977,30,4.697,0,1500,0.8282328,0,-519.7065,-23.651,0,0
132,00:00:05.492,5.494,-10.977,30,4.772,0,1500,0.8564032,0,-534.269,-26.814,0,0
132,00:00:05.494,5.4956,-10.977,30,4.847,0,1500,0.8845736,0,-541.8415,-20.489,0,0
132,00:00:05.496,5.4972,-10.977,30,4.847,0,1500,0.8845736,0,-557.9185,-26.3625,0,0
132,00:00:05.497,5.4988,-10.977,30,4.847,0,1500,0.8845736,0,-574.578,-18.231,0,0
132,00:00:05.499,5.5004,-10.977,30,4.997,0,1500,0.8827742,0,-582.966,-24.5545,0,0
132,00:00:05.500,5.502,-10.977,30,4.997,0,1500,0.8827742,0,-592.053,-24.557,0,0
132,00:00:05.502,5.5036,-10.977,30,4.997,0,1500,0.8827742,0,-600.3245,-28.62,0,0
132,00:00:05.504,5.5052,-10.977,30,4.997,0,1500,0.8827742,0,-608.829,-25.91,0,0
132,00:00:05.505,5.5068,-10.977,30,5.147,0,1500,0.8782073,0,-626.6535,-24.102,0,0
132,00:00:05.507,5.5084,-10.977,30,5.147,0,1500,0.8782073,0,-634.1095,-23.6515,0,0
132,00:00:05.508,5.51,-10.977,30,5.147,0,1500,0.8782073,0,-640.051,-25.911,0,0
132,00:00:05.510,5.5116,-10.977,30,5.222,0,1500,0.9129894,0,-659.39,-24.102,0,0
132,00:00:05.512,5.5132,-10.977,30,5.296999,0,1500,0.9477714,0,-669.2925,-29.0705,0,0
132,00:00:05.513,5.5148,-10.977,30,5.296999,0,1500,0.9477714,0,-685.1365,-25.9125,0,0
132,00:00:05.515,5.5164,-10.977,30,5.296999,0,1500,0.9477714,0,-699.9319,-30.8755,0,0
132,00:00:05.516,5.518,-10.977,30,5.372,0,1500,0.8957291,0,-721.9504,-20.4915,0,0
132,00:00:05.518,5.5196,-10.977,30,5.447,0,1500,0.8436868,0,-744.5515,-25.00349,0,0
132,00:00:05.520,5.5212,-10.977,30,5.447,0,1500,0.8436868,0,-761.7935,-23.201,0,0
132,00:00:05.521,5.5228,-10.977,30,5.447,0,1500,0.8436868,0,-789.7535,-25.4565,0,0
132,00:00:05.523,5.5244,-10.977,30,5.597,0,1500,0.8922885,0,-805.248,-21.84599,0,0
132,00:00:05.524,5.526,-10.977,30,5.597,0,1500,0.8922885,0,-833.3245,-21.84499,0,0
132,00:00:05.526,5.5276,-10.977,30,5.597,0,1500,0.8922885,0,-855.5759,-20.492,0,0
132,00:00:05.528,5.5292,-10.977,30,5.597,0,1500,0.8922885,0,-878.6429,-26.364,0,0
132,00:00:05.529,5.5308,-10.977,30,5.747,0,1500,0.8174565,0,-899.9625,-18.2315,0,0
132,00:00:05.531,5.5324,-10.977,30,5.747,0,1500,0.8174565,0,-945.8635,-27.2665,0,0
133,00:00:05.532,5.534,-10.977,30,5.747,0,1500,0.8174565,0,-981.5125,-21.8485,0,0
133,00:00:05.534,5.5356,-10.977,30,5.822,0,1500,0.8558998,0,-1033.471,-20.9435,0,0
133,00:00:05.536,5.5372,-10.977,30,5.897,0,1500,0.8943431,0,-1084.266,-22.751,0,0
133,00:00:05.537,5.5388,-10.977,30,5.897,0,1500,0.8943431,0,-1133.195,-27.26199,0,0
133,00:00:05.539,5.5404,-10.977,30,5.897,0,1500,0.8943431,0,-1192.494,-24.103,0,0
133,00:00:05.540,5.542,-10.977,30,5.972,0,1500,0.9799956,0,-1257.501,-26.811,0,0
133,00:00:05.542,5.5436,-10.977,30,6.046999,0,1500,1.065648,0,-1320.76,-24.5525,0,0
133,00:00:05.544,5.5452,-10.977,30,6.046999,0,1500,1.065648,0,-1374.467,-27.26,0,0
133,00:00:05.545,5.5468,-10.977,30,6.046999,0,1500,1.065648,0,-1450.425,-22.748,0,0
133,00:00:05.547,5.5484,-10.977,30,6.197,0,1500,1.060092,0,-1526.849,-24.554,0,0
133,00:00:05.548,5.55,-10.977,30,6.197,0,1500,1.060092,0,-1617.253,-25.0075,0,0
133,00:00:05.550,5.5516,-10.977,30,6.197,0,1500,1.060092,0,-1713.365,-25.911,0,0
133,00:00:05.552,5.5532,-10.977,30,6.197,0,1500,1.060092,0,-1806.333,-27.2665,0,0
133,00:00:05.553,5.5548,-10.977,30,6.347,0,1500,1.12431,0,-1910.017,-32.6905,0,0
133,00:00:05.555,5.5564,-10.977,30,6.347,0,1500,1.12431,0,-2001.353,-26.8125,0,0
133,00:00:05.556,5.558,-10.977,30,6.347,0,1500,1.12431,0,-2104.805,-31.786,0,0
133,00:00:05.558,5.5596,-10.977,30,6.422,0,1500,1.094677,0,-2200.685,-29.974,0,0
133,00:00:05.560,5.5612,-10.977,30,6.497,0,1500,1.065045,0,-2318.35,-28.6195,0,0
133,00:00:05.561,5.5628,-10.977,30,6.497,0,1500,1.065045,0,-2431.239,-25.9105,0,0
133,00:00:05.563,5.5644,-10.977,30,6.497,0,1500,1.065045,0,-2544.127,-30.875,0,0
133,00:00:05.564,5.566,-10.977,30,6.572,0,1500,1.091112,0,-2665.869,-30.4295,0,0
133,00:00:05.566,5.5676,-10.977,30,6.647,0,1500,1.11718,0,-2795.417,-32.67899,0,0
133,00:00:05.568,5.5692,-10.977,30,6.647,0,1500,1.11718,0,-2939.295,-32.6875,0,0
133,00:00:05.569,5.5708,-10.977,30,6.647,0,1500,1.11718,0,-3060.338,-34.94099,0,0
133,00:00:05.571,5.5724,-10.977,30,6.796999,0,1500,1.168428,0,-3174.275,-30.425,0,0
133,00:00:05.572,5.574,-10.977,30,6.796999,0,1500,1.168428,0,-3276.096,-35.3955,0,0
134,00:00:05.574,5.5756,-10.977,30,6.796999,0,1500,1.168428,0,-3367.316,-31.3295,0,0
134,00:00:05.576,5.5772,-10.977,30,6.796999,0,1500,1.168428,0,-3445.138,-34.94299,0,0
134,00:00:05.577,5.5788,-10.977,30,6.947,0,1500,1.142833,0,-3533.212,-30.4255,0,0
134,00:00:05.579,5.5804,-10.977,30,6.947,0,1500,1.142833,0,-3641.324,-31.7835,0,0
134,00:00:05.580,5.582,-10.977,30,6.947,0,1500,1.142833,0,-3736.388,-33.588,0,0
134,00:00:05.582,5.5836,-10.977,30,7.022,0,1500,1.237353,0,-3860.693,-32.6905,0,0
134,00:00:05.584,5.5852,-10.977,30,7.097,0,1500,1.331872,0,-3976.728,-27.7175,0,0
134,00:00:05.585,5.5868,-10.977,30,7.097,0,1500,1.331872,0,-4091.363,-36.757,0,0
134,00:00:05.587,5.5884,-10.977,30,7.097,0,1500,1.331872,0,-4190.272,-33.5905,0,0
134,00:00:05.588,5.59,-10.977,30,7.172,0,1500,1.279688,0,-4274.968,-32.689,0,0
134,00:00:05.590,5.5916,-10.977,30,7.247,0,1500,1.227504,0,-4359.43,-34.042,0,0
134,00:00:05.592,5.5932,-10.977,30,7.247,0,1500,1.227504,0,-4440.63,-37.6565,0,0
134,00:00:05.593,5.5948,-10.977,30,7.247,0,1500,1.227504,0,-4526.491,-34.952,0,0
134,00:00:05.595,5.5964,-10.977,30,7.397,0,1500,1.33573,0,-4607.458,-35.3935,0,0
134,00:00:05.596,5.598,-10.977,30,7.397,0,1500,1.33573,0,-4686.096,-30.887,0,0
134,00:00:05.598,5.5996,-10.977,30,7.397,0,1500,1.33573,0,-4758.676,-34.03699,0,0
134,00:00:05.600,5.6012,-10.977,30,7.397,0,1500,1.33573,0,-4839.992,-30.88149,0,0
134,00:00:05.601,5.6028,-10.977,30,7.546999,0,1500,1.456554,0,-4902.437,-31.782,0,0
134,00:00:05.603,5.6044,-10.977,30,7.546999,0,1500,1.456554,0,-4960.803,-27.7165,0,0
134,00:00:05.604,5.606,-10.977,30,7.546999,0,1500,1.456554,0,-5023.946,-32.239,0,0
134,00:00:05.606,5.6076,-10.977,30,7.622,0,1500,1.39273,0,-5091.399,-29.5235,0,0
134,00:00:05.608,5.6092,-10.977,30,7.697,0,1500,1.328907,0,-5146.62,-35.4005,0,0
134,00:00:05.609,5.6108,-10.977,30,7.697,0,1500,1.328907,0,-5201.842,-29.07249,0,0
134,00:00:05.611,5.6124,-10.977,30,7.697,0,1500,1.328907,0,-5280.596,-25.4615,0,0
134,00:00:05.612,5.614,-10.977,30,7.772,0,1500,1.446468,0,-5356.087,-24.556,0,0
134,00:00:05.614,5.6156,-10.977,30,7.847,0,1500,1.56403,0,-5417.366,-26.36,0,0
135,00:00:05.616,5.6172,-10.977,30,7.847,0,1500,1.56403,0,-5486.8,-20.49,0,0
135,00:00:05.617,5.6188,-10.977,30,7.847,0,1500,1.56403,0,-5525.712,-30.425,0,0
135,00:00:05.619,5.6204,-10.977,30,7.997,0,1500,1.382544,0,-5570.797,-23.201,0,0
135,00:00:05.620,5.622,-10.977,30,7.997,0,1500,1.382544,0,-5619.96,-29.97299,0,0
135,00:00:05.622,5.6236,-10.977,30,7.997,0,1500,1.382544,0,-5661.317,-26.3655,0,0
135,00:00:05.624,5.6252,-10.977,30,7.997,0,1500,1.382544,0,-5710.48,-32.2315,0,0
135,00:00:05.625,5.6268,-10.977,30,8.146999,0,1500,1.438988,0,-5755.799,-28.1735,0,0
135,00:00:05.627,5.6284,-10.977,30,8.146999,0,1500,1.438988,0,-5805.661,-27.712,0,0
135,00:00:05.628,5.63,-10.977,30,8.146999,0,1500,1.438988,0,-5853.426,-28.62099,0,0
135,00:00:05.630,5.6316,-10.977,30,8.221999,0,1500,1.476758,0,-5906.317,-23.652,0,0
135,00:00:05.632,5.6332,-10.977,30,8.296999,0,1500,1.514529,0,-5962.586,-24.5515,0,0
135,00:00:05.633,5.6348,-10.977,30,8.296999,0,1500,1.514529,0,-6032.486,-29.528,0,0
135,00:00:05.635,5.6364,-10.977,30,8.296999,0,1500,1.514529,0,-6072.446,-26.3555,0,0
135,00:00:05.636,5.638,-10.977,30,8.372,0,1500,1.432052,0,-6119.628,-24.106,0,0
135,00:00:05.638,5.6396,-10.977,30,8.447001,0,1500,1.349576,0,-6146.307,-25.004,0,0
135,00:00:05.640,5.6412,-10.977,30,8.447001,0,1500,1.349576,0,-6180.092,-28.622,0,0
135,00:00:05.641,5.6428,-10.977,30,8.447001,0,1500,1.349576,0,-6204.44,-30.8835,0,0
135,00:00:05.643,5.6444,-10.977,30,8.597,0,1500,1.678176,0,-6215.042,-29.07449,0,0
135,00:00:05.644,5.646,-10.977,30,8.597,0,1500,1.678176,0,-6214.576,-24.109,0,0
135,00:00:05.646,5.6476,-10.977,30,8.597,0,1500,1.678176,0,-6224.362,-25.001,0,0
135,00:00:05.648,5.6492,-10.977,30,8.597,0,1500,1.678176,0,-6197.101,-24.5575,0,0
135,00:00:05.649,5.6508,-10.977,30,8.747,0,1500,1.556507,0,-6176.597,-29.068,0,0
135,00:00:05.651,5.6524,-10.977,30,8.747,0,1500,1.556507,0,-6164.947,-21.8435,0,0
135,00:00:05.652,5.654,-10.977,30,8.747,0,1500,1.556507,0,-6156.093,-26.81,0,0
135,00:00:05.654,5.6556,-10.977,30,8.822,0,1500,1.678433,0,-6136.172,-20.04,0,0
135,00:00:05.656,5.6572,-10.977,30,8.896999,0,1500,1.800359,0,-6114.27,-25.9155,0,0
136,00:00:05.657,5.6588,-10.977,30,8.896999,0,1500,1.800359,0,-6108.328,-25.459,0,0
136,00:00:05.659,5.6604,-10.977,30,8.896999,0,1500,1.800359,0,-6088.873,-23.657,0,0
136,00:00:05.660,5.662,-10.977,30,8.971999,0,1500,1.824648,0,-6055.204,-23.652,0,0
136,00:00:05.662,5.6636,-10.977,30,9.046999,0,1500,1.848936,0,-6021.069,-24.1095,0,0
136,00:00:05.664,5.6652,-10.977,30,9.046999,0,1500,1.848936,0,-5954.548,-23.6475,0,0
136,00:00:05.665,5.6668,-10.977,30,9.046999,0,1500,1.848936,0,-5899.676,-20.039,0,0
136,00:00:05.667,5.6684,-10.977,30,9.197001,0,1500,1.624334,0,-5830.941,-19.13,0,0
136,00:00:05.668,5.67,-10.977,30,9.197001,0,1500,1.624334,0,-5735.295,-24.103,0,0
136,00:00:05.670,5.6716,-10.977,30,9.197001,0,1500,1.624334,0,-5623.105,-17.3295,0,0
136,00:00:05.672,5.6732,-10.977,30,9.197001,0,1500,1.624334,0,-5522.566,-20.9375,0,0
136,00:00:05.673,5.6748,-10.977,30,9.347,0,1500,1.788909,0,-5357.835,-22.756,0,0
136,00:00:05.675,5.6764,-10.977,30,9.347,0,1500,1.788909,0,-5098.273,-22.293,0,0
136,00:00:05.676,5.678,-10.977,30,9.347,0,1500,1.788909,0,-4846.167,-15.9785,0,0
136,00:00:05.678,5.6796,-10.977,30,9.422,0,1500,1.606945,0,-4600.352,-10.551,0,0
136,00:00:05.680,5.6812,-10.977,30,9.497,0,1500,1.42498,0,-4391.584,-13.26151,0,0
136,00:00:05.681,5.6828,-10.977,30,9.497,0,1500,1.42498,0,-4245.144,-12.8105,0,0
136,00:00:05.683,5.6844,-10.977,30,9.497,0,1500,1.42498,0,-4094.276,-13.25751,0,0
136,00:00:05.684,5.686,-10.977,30,9.572,0,1500,1.351789,0,-3934.438,-9.197998,0,0
136,00:00:05.686,5.6876,-10.977,30,9.646999,0,1500,1.278597,0,-3840.655,-10.095,0,0
136,00:00:05.688,5.6892,-10.977,30,9.646999,0,1500,1.278597,0,-3734.174,-6.937508,0,0
136,00:00:05.689,5.6908,-10.977,30,9.646999,0,1500,1.278597,0,-3618.14,-15.063,0,0
136,00:00:05.691,5.6924,-10.977,30,9.796999,0,1500,1.120836,0,-3542.998,-9.193504,0,0
136,00:00:05.692,5.694,-10.977,30,9.796999,0,1500,1.120836,0,-3466.108,-8.290497,0,0
136,00:00:05.694,5.6956,-10.977,30,9.796999,0,1500,1.120836,0,-3424.867,-10.09601,0,0
136,00:00:05.696,5.6972,-10.977,30,9.796999,0,1500,1.120836,0,-3344.482,-10.5495,0,0
136,00:00:05.697,5.6988,-10.977,30,9.947001,0,1500,0.9259518,0,-3278.077,-16.873,0,0
137,00:00:05.699,5.7004,-10.977,30,9.947001,0,1500,0.9259518,0,-3178.12,-16.876,0,0
137,00:00:05.700,5.702,-10.977,30,9.947001,0,1500,0.9259518,0,-3085.969,-18.6805,0,0
137,00:00:05.702,5.7036,-10.977,30,10.022,0,1500,0.930068,0,-2979.72,-13.262,0,0
137,00:00:05.704,5.7052,-10.977,30,10.097,0,1500,0.9341842,0,-2846.211,-11.00201,0,0
137,00:00:05.705,5.7068,-10.977,30,10.097,0,1500,0.9341842,0,-2761.982,-15.972,0,0
137,00:00:05.707,5.7084,-10.977,30,10.097,0,1500,0.9341842,0,-2588.863,-11.001,0,0
137,00:00:05.708,5.71,-10.977,30,10.172,0,1500,0.9136139,0,-2497.993,-12.357,0,0
137,00:00:05.710,5.7116,-10.977,30,10.247,0,1500,0.8930435,0,-2376.367,-7.843002,0,0
137,00:00:05.712,5.7132,-10.977,30,10.247,0,1500,0.8930435,0,-2298.545,-8.743004,0,0
137,00:00:05.713,5.7148,-10.977,30,10.247,0,1500,0.8930435,0,-2263.711,-9.199501,0,0
137,00:00:05.715,5.7164,-10.977,30,10.397,0,1493.354,0.953316,0,-2207.908,-11.452,0,0
137,00:00:05.716,5.718,-10.977,30,10.397,0,1493.354,0.953316,0,-2162.24,-13.714,0,0
137,00:00:05.718,5.7196,-10.977,30,10.397,0,1493.354,0.953316,0,-2126.475,-8.292007,0,0
137,00:00:05.720,5.7212,-10.977,30,10.397,0,1493.354,0.953316,0,-2108.883,-5.130501,0,0
137,00:00:05.721,5.7228,-10.977,30,10.544,0,1449.046,1.145185,0,-2081.855,-15.52,0,0
137,00:00:05.723,5.7244,-10.977,30,10.544,0,1449.046,1.145185,0,-2038.517,-11.0015,0,0
137,00:00:05.724,5.726,-10.977,30,10.544,0,1449.046,1.145185,0,-1995.179,-6.034508,0,0
137,00:00:05.726,5.7276,-10.977,30,10.6145,0,1413.323,1.138585,0,-1962.792,-10.1015,0,0
137,00:00:05.728,5.7292,-10.977,30,10.685,0,1377.6,1.131984,0,-1921.318,-9.194504,0,0
137,00:00:05.729,5.7308,-10.977,30,10.685,0,1377.6,1.131984,0,-1879.727,-9.198502,0,0
137,00:00:05.731,5.7324,-10.977,30,10.685,0,1377.6,1.131984,0,-1814.488,-4.225502,0,0
137,00:00:05.732,5.734,-10.977,30,10.752,0,1341.6,1.172991,0,-1776.276,-11.001,0,0
137,00:00:05.734,5.7356,-10.977,30,10.819,0,1305.6,1.213998,0,-1724.2,-9.647003,0,0
137,00:00:05.736,5.7372,-10.977,30,10.819,0,1305.6,1.213998,0,-1678.648,-3.773499,0,0
137,00:00:05.737,5.7388,-10.977,30,10.819,0,1305.6,1.213998,0,-1589.409,-11.90301,0,0
137,00:00:05.739,5.7404,-10.977,30,10.946,0,1233.6,1.091668,0,-1576.478,-11.451,0,0
138,00:00:05.740,5.742,-10.977,30,10.946,0,1233.6,1.091668,0,-1512.869,-10.095,0,0
138,00:00:05.742,5.7436,-10.977,30,10.946,0,1233.6,1.091668,0,-1430.037,-10.5475,0,0
138,00:00:05.744,5.7452,-10.977,30,10.946,0,1233.6,1.091668,0,-1380.525,-11,0,0
138,00:00:05.745,5.7468,-10.977,30,11.065,0,1161.6,0.9944975,0,-1320.411,-5.580505,0,0
138,00:00:05.747,5.7484,-10.977,30,11.065,0,1161.6,0.9944975,0,-1275.908,-13.258,0,0
138,00:00:05.748,5.75,-10.977,30,11.065,0,1161.6,0.9944975,0,-1210.435,-13.7155,0,0
138,00:00:05.750,5.7516,-10.977,30,11.1215,0,1125.6,0.9816536,0,-1158.01,-8.292,0,0
138,00:00:05.752,5.7532,-10.977,30,11.178,0,1089.6,0.9688097,0,-1095.333,-14.164,0,0
138,00:00:05.753,5.7548,-10.977,30,11.178,0,1089.6,0.9688097,0,-1039.995,-17.329,0,0
138,00:00:05.755,5.7564,-10.977,30,11.178,0,1089.6,0.9688097,0,-984.891,-10.549,0,0
138,00:00:05.756,5.758,-10.977,30,11.2305,0,1053.6,0.9325528,0,-929.3205,-11.0035,0,0
138,00:00:05.758,5.7596,-10.977,30,11.283,0,1017.601,0.8962958,0,-869.556,-11.0015,0,0
138,00:00:05.760,5.7612,-10.977,30,11.283,0,1017.601,0.8962958,0,-823.5385,-10.10001,0,0
138,00:00:05.761,5.7628,-10.977,30,11.283,0,1017.601,0.8962958,0,-766.9195,-12.8085,0,0
138,00:00:05.763,5.7644,-10.977,30,11.381,0,945.6004,0.8882884,0,-723.232,-13.261,0,0
138,00:00:05.764,5.766,-10.977,30,11.381,0,945.6004,0.8882884,0,-671.972,-12.357,0,0
138,00:00:05.766,5.7676,-10.977,30,11.381,0,945.6004,0.8882884,0,-630.265,-11.0015,0,0
138,00:00:05.768,5.7692,-10.977,30,11.381,0,945.6004,0.8882884,0,-588.4415,-10.09901,0,0
138,00:00:05.769,5.7708,-10.977,30,11.471,0,873.6002,0.7681434,0,-549.181,-13.7085,0,0
138,00:00:05.771,5.7724,-10.977,30,11.471,0,873.6002,0.7681434,0,-508.406,-10.0975,0,0
138,00:00:05.772,5.774,-10.977,30,11.471,0,873.6002,0.7681434,0,-475.2035,-13.71101,0,0
138,00:00:05.774,5.7756,-10.977,30,11.513,0,837.6002,0.8007898,0,-437.341,-9.648003,0,0
138,00:00:05.776,5.7772,-10.977,30,11.555,0,801.6002,0.8334362,0,-414.3905,-11.0055,0,0
138,00:00:05.777,5.7788,-10.977,30,11.555,0,801.6002,0.8334362,0,-389.809,-13.264,0,0
138,00:00:05.779,5.7804,-10.977,30,11.555,0,801.6002,0.8334362,0,-366.742,-10.554,0,0
138,00:00:05.780,5.782,-10.977,30,11.593,0,765.6003,0.9344805,0,-346.937,-13.7155,0,0
139,00:00:05.782,5.7836,-10.977,30,11.631,0,729.6004,1.035525,0,-325.501,-14.6185,0,0
139,00:00:05.784,5.7852,-10.977,30,11.631,0,729.6004,1.035525,0,-315.482,-12.814,0,0
139,00:00:05.785,5.7868,-10.977,30,11.631,0,729.6004,1.035525,0,-298.706,-15.518,0,0
139,00:00:05.787,5.7884,-10.977,30,11.7,0,657.6003,0.9063245,0,-286.2405,-13.26,0,0
139,00:00:05.788,5.79,-10.977,30,11.7,0,657.6003,0.9063245,0,-269.2315,-16.4245,0,0
139,00:00:05.790,5.7916,-10.977,30,11.7,0,657.6003,0.9063245,0,-259.9115,-13.7115,0,0
139,00:00:05.792,5.7932,-10.977,30,11.7,0,657.6003,0.9063245,0,-244.883,-16.8765,0,0
139,00:00:05.793,5.7948,-10.977,30,11.762,0,585.6002,0.9193474,0,-228.6895,-16.4245,0,0
139,00:00:05.795,5.7964,-10.977,30,11.762,0,585.6002,0.9193474,0,-219.6025,-12.80701,0,0
139,00:00:05.796,5.798,-10.977,30,11.762,0,585.6002,0.9193474,0,-211.9135,-17.327,0,0
139,00:00:05.798,5.7996,-10.977,30,11.7895,0,549.6002,0.8646008,0,-198.516,-18.2315,0,0
139,00:00:05.800,5.8012,-10.977,30,11.817,0,513.6003,0.8098541,0,-191.06,-15.9725,0,0
139,00:00:05.801,5.8028,-10.977,30,11.817,0,513.6003,0.8098541,0,-185.934,-18.227,0,0
139,00:00:05.803,5.8044,-10.977,30,11.817,0,513.6003,0.8098541,0,-178.711,-14.617,0,0
139,00:00:05.804,5.806,-10.977,30,11.841,0,477.6003,0.7972516,0,-174.4005,-16.875,0,0
139,00:00:05.806,5.8076,-10.977,30,11.865,0,441.6002,0.784649,0,-167.061,-15.971,0,0
139,00:00:05.808,5.8092,-10.977,30,11.865,0,441.6002,0.784649,0,-160.77,-16.421,0,0
139,00:00:05.809,5.8108,-10.977,30,11.865,0,441.6002,0.784649,0,-158.207,-18.234,0,0
139,00:00:05.811,5.8124,-10.977,30,11.905,0,369.6003,0.8361608,0,-150.518,-17.775,0,0
139,00:00:05.812,5.814,-10.977,30,11.905,0,369.6003,0.8361608,0,-146.091,-16.8755,0,0
139,00:00:05.814,5.8156,-10.977,30,11.905,0,369.6003,0.8361608,0,-142.13,-15.5165,0,0
139,00:00:05.816,5.8172,-10.977,30,11.905,0,369.6003,0.8361608,0,-138.868,-16.8745,0,0
139,00:00:05.817,5.8188,-10.977,30,11.938,0,297.6003,0.6323835,0,-131.645,-18.683,0,0
139,00:00:05.819,5.8204,-10.977,30,11.938,0,297.6003,0.6323835,0,-129.082,-17.7745,0,0
139,00:00:05.820,5.822,-10.977,30,11.938,0,297.6003,0.6323835,0,-125.2375,-16.877,0,0
139,00:00:05.822,5.8236,-10.977,30,11.951,0,261.6002,0.6669803,0,-123.024,-15.0665,0,0
140,00:00:05.824,5.8252,-10.977,30,11.964,0,225.6002,0.7015772,0,-118.131,-16.42651,0,0
140,00:00:05.825,5.8268,-10.977,30,11.964,0,225.6002,0.7015772,0,-116.1505,-16.425,0,0
140,00:00:05.827,5.8284,-10.977,30,11.964,0,225.6002,0.7015772,0,-112.539,-15.067,0,0
140,00:00:05.828,5.83,-10.977,30,11.9735,0,189.6002,0.6299293,0,-108.6945,-14.623,0,0
140,00:00:05.830,5.8316,-10.977,30,11.983,0,153.6003,0.5582814,0,-106.1315,-15.971,0,0
140,00:00:05.832,5.8332,-10.977,30,11.983,0,153.6003,0.5582814,0,-102.1705,-15.5245,0,0
140,00:00:05.833,5.8348,-10.977,30,11.983,0,153.6003,0.5582814,0,-97.2775,-17.328,0,0
140,00:00:05.835,5.8364,-10.977,30,11.994,0,81.6002,0.7329729,0,-93.666,-16.87749,0,0
140,00:00:05.836,5.838,-10.977,30,11.994,0,81.6002,0.7329729,0,-89.705,-19.137,0,0
140,00:00:05.838,5.8396,-10.977,30,11.994,0,81.6002,0.7329729,0,-86.909,-13.259,0,0
140,00:00:05.840,5.8412,-10.977,30,11.994,0,81.6002,0.7329729,0,-82.5985,-14.1665,0,0
140,00:00:05.841,5.8428,-10.977,30,11.999,0,21.32325,0.8326393,0,-79.1035,-14.6165,0,0
140,00:00:05.843,5.8444,-10.977,30,11.999,0,21.32325,0.8326393,0,-81.317,-14.61501,0,0
140,00:00:05.844,5.846,-10.977,30,11.999,0,21.32325,0.8326393,0,-72.463,-14.1675,0,0
140,00:00:05.846,5.8476,-10.977,30,11.999,0,2.400066,0.8038684,0,-42.7555,-14.158,0,0
140,00:00:05.848,5.8492,-10.977,30,11.999,0,-16.52311,0.7750974,0,-14.0965,-9.647995,0,0
140,00:00:05.849,5.8508,-10.977,30,11.999,0,-16.52311,0.7750974,0,18.2905,-15.522,0,0
140,00:00:05.851,5.8524,-10.977,30,11.999,0,-16.52311,0.7750974,0,41.3575,-14.1635,0,0
140,00:00:05.852,5.854,-10.977,30,11.9975,0,-45.46153,0.8068009,0,82.8315,-14.1645,0,0
140,00:00:05.854,5.8556,-10.977,30,11.996,0,-74.39995,0.8385044,0,116.1505,-11.45701,0,0
140,00:00:05.856,5.8572,-10.977,30,11.996,0,-74.39995,0.8385044,0,129.4315,-9.653,0,0
140,00:00:05.857,5.8588,-10.977,30,11.996,0,-74.39995,0.8385044,0,127.684,-12.814,0,0
140,00:00:05.859,5.8604,-10.977,30,11.984,0,-146.4001,0.7907161,0,116.8495,-11.9,0,0
140,00:00:05.860,5.862,-10.977,30,11.984,0,-146.4001,0.7907161,0,126.519,-14.1695,0,0
140,00:00:05.862,5.8636,-10.977,30,11.984,0,-146.4001,0.7907161,0,123.3735,-13.7105,0,0
140,00:00:05.864,5.8652,-10.977,30,11.984,0,-146.4001,0.7907161,0,128.0335,-14.165,0,0
141,00:00:05.865,5.8668,-10.977,30,11.966,0,-218.4001,0.6822058,0,128.15,-18.2225,0,0
141,00:00:05.867,5.8684,-10.977,30,11.966,0,-218.4001,0.6822058,0,129.6645,-15.064,0,0
141,00:00:05.868,5.87,-10.977,30,11.966,0,-218.4001,0.6822058,0,129.1985,-12.357,0,0
141,00:00:05.870,5.8716,-10.977,30,11.953,0,-254.4,0.7499553,0,119.296,-13.26151,0,0
141,00:00:05.872,5.8732,-10.977,30,11.94,0,-290.3999,0.8177047,0,117.7815,-11.45,0,0
141,00:00:05.873,5.8748,-10.977,30,11.94,0,-290.3999,0.8177047,0,113.1215,-11.4565,0,0
141,00:00:05.875,5.8764,-10.977,30,11.94,0,-290.3999,0.8177047,0,113.471,-15.9705,0,0
141,00:00:05.876,5.878,-10.977,30,11.9235,0,-326.3999,0.7069542,0,106.947,-14.616,0,0
141,00:00:05.878,5.8796,-10.977,30,11.907,0,-362.3999,0.5962038,0,107.879,-16.4215,0,0
141,00:00:05.880,5.8812,-10.977,30,11.907,0,-362.3999,0.5962038,0,106.248,-14.6145,0,0
141,00:00:05.881,5.8828,-10.977,30,11.907,0,-362.3999,0.5962038,0,100.423,-15.5215,0,0
141,00:00:05.883,5.8844,-10.977,30,11.867,0,-434.4001,0.7592075,0,112.1895,-11.91,0,0
141,00:00:05.884,5.886,-10.977,30,11.867,0,-434.4001,0.7592075,0,102.6365,-18.231,0,0
141,00:00:05.886,5.8876,-10.977,30,11.867,0,-434.4001,0.7592075,0,106.1315,-15.067,0,0
141,00:00:05.888,5.8892,-10.977,30,11.867,0,-434.4001,0.7592075,0,132.2275,-12.8115,0,0
141,00:00:05.889,5.8908,-10.977,30,11.82,0,-506.4,0.6193637,0,103.5685,-16.422,0,0
141,00:00:05.891,5.8924,-10.977,30,11.82,0,-506.4,0.6193637,0,125.121,-17.3295,0,0
141,00:00:05.892,5.894,-10.977,30,11.82,0,-506.4,0.6193637,0,133.6255,-13.2635,0,0
141,00:00:05.894,5.8956,-10.977,30,11.7925,0,-542.4,0.7070241,0,135.7225,-19.1315,0,0
141,00:00:05.896,5.8972,-10.977,30,11.765,0,-578.4,0.7946845,0,158.207,-11.9115,0,0
141,00:00:05.897,5.8988,-10.977,30,11.765,0,-578.4,0.7946845,0,159.4885,-15.97,0,0
141,00:00:05.899,5.9004,-10.977,30,11.765,0,-578.4,0.7946845,0,166.129,-17.7815,0,0
141,00:00:05.900,5.902,-10.977,30,11.7345,0,-614.4,0.9254473,0,199.7975,-15.978,0,0
141,00:00:05.902,5.9036,-10.977,30,11.704,0,-650.4,1.05621,0,199.681,-16.42699,0,0
141,00:00:05.904,5.9052,-10.977,30,11.704,0,-650.4,1.05621,0,224.379,-19.58749,0,0
141,00:00:05.905,5.9068,-10.977,30,11.704,0,-650.4,1.05621,0,251.0575,-16.42599,0,0
142,00:00:05.907,5.9084,-10.977,30,11.635,0,-722.4001,1.00026,0,263.1735,-19.58649,0,0
142,00:00:05.908,5.91,-10.977,30,11.635,0,-722.4001,1.00026,0,294.978,-11.4585,0,0
142,00:00:05.910,5.9116,-10.977,30,11.635,0,-722.4001,1.00026,0,312.686,-15.07,0,0
142,00:00:05.912,5.9132,-10.977,30,11.635,0,-722.4001,1.00026,0,329.462,-13.2625,0,0
142,00:00:05.913,5.9148,-10.977,30,11.559,0,-794.4001,1.135422,0,350.665,-16.4255,0,0
142,00:00:05.915,5.9164,-10.977,30,11.559,0,-794.4001,1.135422,0,369.4215,-11.006,0,0
142,00:00:05.916,5.918,-10.977,30,11.559,0,-794.4001,1.135422,0,387.945,-15.51801,0,0
142,00:00:05.918,5.9196,-10.977,30,11.517,0,-830.4,1.033215,0,400.8765,-14.1665,0,0
142,00:00:05.920,5.9212,-10.977,30,11.475,0,-866.4,0.9310079,0,424.526,-12.357,0,0
142,00:00:05.921,5.9228,-10.977,30,11.475,0,-866.4,0.9310079,0,439.5545,-8.741501,0,0
142,00:00:05.923,5.9244,-10.977,30,11.475,0,-866.4,0.9310079,0,460.5245,-13.711,0,0
142,00:00:05.924,5.926,-10.977,30,11.43,0,-902.3999,0.9017268,0,476.3685,-9.649506,0,0
142,00:00:05.926,5.9276,-10.977,30,11.385,0,-938.3999,0.8724458,0,488.601,-11.9055,0,0
142,00:00:05.928,5.9292,-10.977,30,11.385,0,-938.3999,0.8724458,0,510.503,-10.55,0,0
142,00:00:05.929,5.9308,-10.977,30,11.385,0,-938.3999,0.8724458,0,521.8035,-15.5235,0,0
142,00:00:05.931,5.9324,-10.977,30,11.287,0,-1010.4,0.8693716,0,526.58,-14.615,0,0
142,00:00:05.932,5.934,-10.977,30,11.287,0,-1010.4,0.8693716,0,548.249,-17.7755,0,0
142,00:00:05.934,5.9356,-10.977,30,11.287,0,-1010.4,0.8693716,0,546.7345,-9.649002,0,0
142,00:00:05.936,5.9372,-10.977,30,11.287,0,-1010.4,0.8693716,0,551.6275,-14.164,0,0
142,00:00:05.937,5.9388,-10.977,30,11.182,0,-1082.4,0.7152277,0,568.52,-13.259,0,0
142,00:00:05.939,5.9404,-10.977,30,11.182,0,-1082.4,0.7152277,0,570.9665,-12.8095,0,0
142,00:00:05.940,5.942,-10.977,30,11.182,0,-1082.4,0.7152277,0,578.4225,-9.648003,0,0
142,00:00:05.942,5.9436,-10.977,30,11.126,0,-1118.4,0.746524,0,582.3835,-13.257,0,0
142,00:00:05.944,5.9452,-10.977,30,11.07,0,-1154.4,0.7778202,0,580.7524,-9.200005,0,0
142,00:00:05.945,5.9468,-10.977,30,11.07,0,-1154.4,0.7778202,0,588.092,-11.9025,0,0
142,00:00:05.947,5.9484,-10.977,30,11.07,0,-1154.4,0.7778202,0,584.7135,-13.7155,0,0
143,00:00:05.948,5.95,-10.977,30,11.0105,0,-1190.4,0.7619421,0,591.8199,-11.456,0,0
143,00:00:05.950,5.9516,-10.977,30,10.951,0,-1226.4,0.7460641,0,601.839,-13.261,0,0
143,00:00:05.952,5.9532,-10.977,30,10.951,0,-1226.4,0.7460641,0,585.1795,-11.907,0,0
143,00:00:05.953,5.9548,-10.977,30,10.951,0,-1226.4,0.7460641,0,597.878,-7.389999,0,0
143,00:00:05.955,5.9564,-10.977,30,10.825,0,-1298.4,0.8589501,0,601.7225,-14.6155,0,0
143,00:00:05.956,5.958,-10.977,30,10.825,0,-1298.4,0.8589501,0,593.684,-11.4565,0,0
143,00:00:05.958,5.9596,-10.977,30,10.825,0,-1298.4,0.8589501,0,590.0725,-17.322,0,0
143,00:00:05.960,5.9612,-10.977,30,10.825,0,-1298.4,0.8589501,0,602.4215,-10.553,0,0
143,00:00:05.961,5.9628,-10.977,30,10.691,0,-1370.4,1.114108,0,625.0225,-13.7115,0,0
143,00:00:05.963,5.9644,-10.977,30,10.691,0,-1370.4,1.114108,0,628.401,-10.0985,0,0
143,00:00:05.964,5.966,-10.977,30,10.691,0,-1370.4,1.114108,0,655.0795,-11.90601,0,0
143,00:00:05.966,5.9676,-10.977,30,10.6205,0,-1406.123,1.060104,0,693.0585,-13.2605,0,0
143,00:00:05.968,5.9692,-10.977,30,10.55,0,-1441.846,1.0061,0,750.027,-14.6145,0,0
143,00:00:05.969,5.9708,-10.977,30,10.55,0,-1441.846,1.0061,0,844.625,-14.618,0,0
143,00:00:05.971,5.9724,-10.977,30,10.55,0,-1441.846,1.0061,0,959.261,-16.873,0,0
143,00:00:05.972,5.974,-10.977,30,10.4765,0,-1466.031,1.028497,0,1074.13,-8.744507,0,0
143,00:00:05.974,5.9756,-10.977,30,10.403,0,-1490.216,1.050893,0,1190.513,-14.1655,0,0
143,00:00:05.976,5.9772,-10.977,30,10.403,0,-1490.216,1.050893,0,1305.732,-9.647499,0,0
143,00:00:05.977,5.9788,-10.977,30,10.403,0,-1490.216,1.050893,0,1425.145,-12.362,0,0
143,00:00:05.979,5.9804,-10.977,30,10.253,0,-1500,0.8859339,0,1546.188,-7.387505,0,0
143,00:00:05.980,5.982,-10.977,30,10.253,0,-1500,0.8859339,0,1664.319,-11.9085,0,0
143,00:00:05.982,5.9836,-10.977,30,10.253,0,-1500,0.8859339,0,1777.79,-11.0015,0,0
143,00:00:05.984,5.9852,-10.977,30,10.253,0,-1500,0.8859339,0,1921.085,-15.972,0,0
143,00:00:05.985,5.9868,-10.977,30,10.103,0,-1500,0.7963144,0,2073.001,-9.652,0,0
143,00:00:05.987,5.9884,-10.977,30,10.103,0,-1500,0.7963144,0,2178.434,-8.744499,0,0
143,00:00:05.988,5.99,-10.977,30,10.103,0,-1500,0.7963144,0,2246.819,-9.198502,0,0
144,00:00:05.990,5.9916,-10.977,30,10.028,0,-1500,0.8394033,0,2307.05,-15.965,0,0
144,00:00:05.992,5.9932,-10.977,30,9.952999,0,-1500,0.8824921,0,2416.676,-15.97,0,0
144,00:00:05.993,5.9948,-10.977,30,9.952999,0,-1500,0.8824921,0,2540.632,-20.937,0,0
144,00:00:05.995,5.9964,-10.977,30,9.952999,0,-1500,0.8824921,0,2672.976,-15.9695,0,0
144,00:00:05.996,5.998,-10.977,30,9.877999,0,-1500,0.8187072,0,2773.981,-15.5135,0,0
144,00:00:05.998,5.9996,-10.977,30,9.802999,0,-1500,0.7549222,0,2844.581,-11,0,0
144,00:00:06.000,6.0012,-10.977,30,9.802999,0,-1500,0.7549222,0,2922.053,-19.133,0,0
144,00:00:06.001,6.0028,-10.977,30,9.802999,0,-1500,0.7549222,0,2977.856,-10.1005,0,0
144,00:00:06.003,6.0044,-10.977,30,9.653,0,-1500,0.8174438,0,3034.592,-17.3295,0,0
144,00:00:06.004,6.006,-10.977,30,9.653,0,-1500,0.8174438,0,3112.647,-10.55251,0,0
144,00:00:06.006,6.0076,-10.977,30,9.653,0,-1500,0.8174438,0,3216.682,-10.549,0,0
144,00:00:06.008,6.0092,-10.977,30,9.653,0,-1500,0.8174438,0,3290.542,-10.55,0,0
144,00:00:06.009,6.0108,-10.977,30,9.503,0,-1500,0.8229003,0,3318.502,-14.164,0,0
144,00:00:06.011,6.0124,-10.977,30,9.503,0,-1500,0.8229003,0,3321.648,-11.454,0,0
144,00:00:06.012,6.014,-10.977,30,9.503,0,-1500,0.8229003,0,3375.82,-15.066,0,0
144,00:00:06.014,6.0156,-10.977,30,9.428,0,-1500,0.8549017,0,3481.37,-11.4575,0,0
144,00:00:06.016,6.0172,-10.977,30,9.353001,0,-1500,0.8869032,0,3587.035,-12.8105,0,0
144,00:00:06.017,6.0188,-10.977,30,9.353001,0,-1500,0.8869032,0,3644.236,-13.7165,0,0
144,00:00:06.019,6.0204,-10.977,30,9.353001,0,-1500,0.8869032,0,3682.099,-14.6125,0,0
144,00:00:06.020,6.022,-10.977,30,9.278,0,-1500,1.013926,0,3653.556,-4.681,0,0
144,00:00:06.022,6.0236,-10.977,30,9.202999,0,-1500,1.140948,0,3646.566,-10.552,0,0
144,00:00:06.024,6.0252,-10.977,30,9.202999,0,-1500,1.140948,0,3707.03,-9.645508,0,0
144,00:00:06.025,6.0268,-10.977,30,9.202999,0,-1500,1.140948,0,3832.5,-17.327,0,0
144,00:00:06.027,6.0284,-10.977,30,9.052999,0,-1500,1.138681,0,3942.01,-9.194504,0,0
144,00:00:06.028,6.03,-10.977,30,9.052999,0,-1500,1.138681,0,3953.894,-12.8125,0,0
144,00:00:06.030,6.0316,-10.977,30,9.052999,0,-1500,1.138681,0,3913.584,-11.00101,0,0
145,00:00:06.032,6.0332,-10.977,30,9.052999,0,-1500,1.138681,0,3757.474,-13.261,0,0
145,00:00:06.033,6.0348,-10.977,30,8.903,0,-1500,1.219333,0,3615.811,-13.267,0,0
145,00:00:06.035,6.0364,-10.977,30,8.903,0,-1500,1.219333,0,3629.674,-24.1025,0,0
145,00:00:06.036,6.038,-10.977,30,8.903,0,-1500,1.219333,0,3687.108,-9.200005,0,0
145,00:00:06.038,6.0396,-10.977,30,8.828,0,-1500,1.121886,0,3767.843,-10.099,0,0
145,00:00:06.040,6.0412,-10.977,30,8.753,0,-1500,1.02444,0,3746.174,-8.747505,0,0
145,00:00:06.041,6.0428,-10.977,30,8.753,0,-1500,1.02444,0,3554.415,-15.968,0,0
145,00:00:06.043,6.0444,-10.977,30,8.753,0,-1500,1.02444,0,3555.58,-21.393,0,0
145,00:00:06.044,6.046,-10.977,30,8.678,0,-1500,0.9708157,0,3600.782,-22.28699,0,0
145,00:00:06.046,6.0476,-10.977,30,8.603001,0,-1500,0.9171915,0,3581.676,-11.4575,0,0
145,00:00:06.048,6.0492,-10.977,30,8.603001,0,-1500,0.9171915,0,3526.572,-20.488,0,0
145,00:00:06.049,6.0508,-10.977,30,8.603001,0,-1500,0.9171915,0,3503.504,-26.356,0,0
145,00:00:06.051,6.0524,-10.977,30,8.452999,0,-1500,0.9368181,0,3477.175,-22.292,0,0
145,00:00:06.052,6.054,-10.977,30,8.452999,0,-1500,0.9368181,0,3432.206,-13.715,0,0
145,00:00:06.054,6.0556,-10.977,30,8.452999,0,-1500,0.9368181,0,3414.032,-22.298,0,0
145,00:00:06.056,6.0572,-10.977,30,8.452999,0,-1500,0.9368181,0,3397.49,-15.5175,0,0
145,00:00:06.057,6.0588,-10.977,30,8.302999,0,-1500,0.8977845,0,3363.006,-16.4225,0,0
145,00:00:06.059,6.0604,-10.977,30,8.302999,0,-1500,0.8977845,0,3308.949,-25.00549,0,0
145,00:00:06.060,6.062,-10.977,30,8.302999,0,-1500,0.8977845,0,3262.466,-28.62,0,0
145,00:00:06.062,6.0636,-10.977,30,8.228,0,-1500,0.931162,0,3220.992,-16.4195,0,0
145,00:00:06.064,6.0652,-10.977,30,8.153,0,-1500,0.9645396,0,3203.983,-22.29549,0,0
145,00:00:06.065,6.0668,-10.977,30,8.153,0,-1500,0.9645396,0,3168.218,-21.8485,0,0
145,00:00:06.067,6.0684,-10.977,30,8.153,0,-1500,0.9645396,0,3101.812,-24.1015,0,0
145,00:00:06.068,6.07,-10.977,30,8.078,0,-1500,0.9432791,0,3083.755,-29.0745,0,0
145,00:00:06.070,6.0716,-10.977,30,8.003,0,-1500,0.9220186,0,3050.203,-26.808,0,0
145,00:00:06.072,6.0732,-10.977,30,8.003,0,-1500,0.9220186,0,3021.078,-18.6855,0,0
146,00:00:06.073,6.0748,-10.977,30,8.003,0,-1500,0.9220186,0,2995.564,-18.68,0,0
146,00:00:06.075,6.0764,-10.977,30,7.853,0,-1500,1.018149,0,2980.536,-22.743,0,0
146,00:00:06.076,6.078,-10.977,30,7.853,0,-1500,1.018149,0,2919.024,-21.391,0,0
146,00:00:06.078,6.0796,-10.977,30,7.853,0,-1500,1.018149,0,2849.823,-26.8115,0,0
146,00:00:06.080,6.0812,-10.977,30,7.853,0,-1500,1.018149,0,2822.445,-25.008,0,0
146,00:00:06.081,6.0828,-10.977,30,7.703,0,-1500,1.196836,0,2792.854,-22.2955,0,0
146,00:00:06.083,6.0844,-10.977,30,7.703,0,-1500,1.196836,0,2757.905,-25.0075,0,0
146,00:00:06.084,6.086,-10.977,30,7.703,0,-1500,1.196836,0,2722.838,-25.009,0,0
146,00:00:06.086,6.0876,-10.977,30,7.628,0,-1500,1.176635,0,2697.907,-24.1095,0,0
146,00:00:06.088,6.0892,-10.977,30,7.553,0,-1500,1.156435,0,2670.879,-23.652,0,0
146,00:00:06.089,6.0908,-10.977,30,7.553,0,-1500,1.156435,0,2644.201,-18.6845,0,0
146,00:00:06.091,6.0924,-10.977,30,7.553,0,-1500,1.156435,0,2573.368,-24.55099,0,0
146,00:00:06.092,6.094,-10.977,30,7.478,0,-1500,1.196839,0,2523.04,-23.201,0,0
146,00:00:06.094,6.0956,-10.977,30,7.403,0,-1500,1.237243,0,2525.137,-26.8135,0,0
146,00:00:06.096,6.0972,-10.977,30,7.403,0,-1500,1.237243,0,2511.391,-24.101,0,0
146,00:00:06.097,6.0988,-10.977,30,7.403,0,-1500,1.237243,0,2478.654,-23.654,0,0
146,00:00:06.099,6.1004,-10.977,30,7.253,0,-1500,1.020884,0,2445.335,-25.9085,0,0
146,00:00:06.100,6.102,-10.977,30,7.253,0,-1500,1.020884,0,2405.259,-27.719,0,0
146,00:00:06.102,6.1036,-10.977,30,7.253,0,-1500,1.020884,0,2364.135,-21.8435,0,0
146,00:00:06.104,6.1052,-10.977,30,7.253,0,-1500,1.020884,0,2344.563,-26.8145,0,0
146,00:00:06.105,6.1068,-10.977,30,7.103,0,-1500,1.009409,0,2343.281,-30.4265,0,0
146,00:00:06.107,6.1084,-10.977,30,7.103,0,-1500,1.009409,0,2312.991,-25.458,0,0
146,00:00:06.108,6.11,-10.977,30,7.103,0,-1500,1.009409,0,2259.052,-22.751,0,0
146,00:00:06.110,6.1116,-10.977,30,7.028,0,-1500,1.010922,0,2209.888,-25.006,0,0
146,00:00:06.112,6.1132,-10.977,30,6.953,0,-1500,1.012435,0,2201.384,-19.136,0,0
146,00:00:06.113,6.1148,-10.977,30,6.953,0,-1500,1.012435,0,2176.802,-22.7505,0,0
147,00:00:06.115,6.1164,-10.977,30,6.953,0,-1500,1.012435,0,2120.067,-23.653,0,0
147,00:00:06.116,6.118,-10.977,30,6.878,0,-1500,0.979696,0,2058.555,-24.101,0,0
147,00:00:06.118,6.1196,-10.977,30,6.803,0,-1500,0.9469575,0,2041.08,-20.035,0,0
147,00:00:06.120,6.1212,-10.977,30,6.803,0,-1500,0.9469575,0,2041.546,-20.945,0,0
147,00:00:06.121,6.1228,-10.977,30,6.803,0,-1500,0.9469575,0,1997.043,-18.68449,0,0
147,00:00:06.123,6.1244,-10.977,30,6.653,0,-1500,1.043525,0,1954.054,-23.202,0,0
147,00:00:06.124,6.126,-10.977,30,6.653,0,-1500,1.043525,0,1928.541,-21.84499,0,0
147,00:00:06.126,6.1276,-10.977,30,6.653,0,-1500,1.043525,0,1895.571,-24.5585,0,0
147,00:00:06.128,6.1292,-10.977,30,6.653,0,-1500,1.043525,0,1867.961,-21.3965,0,0
147,00:00:06.129,6.1308,-10.977,30,6.503,0,-1500,0.9369842,0,1848.272,-19.5865,0,0
147,00:00:06.131,6.1324,-10.977,30,6.503,0,-1500,0.9369842,0,1782.1,-13.7125,0,0
147,00:00:06.132,6.134,-10.977,30,6.503,0,-1500,0.9369842,0,1717.443,-19.133,0,0
147,00:00:06.134,6.1356,-10.977,30,6.428,0,-1500,0.9808916,0,1684.007,-21.8455,0,0
147,00:00:06.136,6.1372,-10.977,30,6.353,0,-1500,1.024799,0,1686.92,-24.1025,0,0
147,00:00:06.137,6.1388,-10.977,30,6.353,0,-1500,1.024799,0,1653.718,-16.8755,0,0
147,00:00:06.139,6.1404,-10.977,30,6.353,0,-1500,1.024799,0,1612.127,-24.1035,0,0
147,00:00:06.140,6.142,-10.977,30,6.278,0,-1500,1.067057,0,1559.003,-19.137,0,0
147,00:00:06.142,6.1436,-10.977,30,6.203,0,-1500,1.109315,0,1523.587,-21.3925,0,0
147,00:00:06.144,6.1452,-10.977,30,6.203,0,-1500,1.109315,0,1510.655,-22.297,0,0
147,00:00:06.145,6.1468,-10.977,30,6.203,0,-1500,1.109315,0,1472.677,-19.1375,0,0
147,00:00:06.147,6.1484,-10.977,30,6.053,0,-1500,1.065192,0,1407.087,-20.487,0,0
147,00:00:06.148,6.15,-10.977,30,6.053,0,-1500,1.065192,0,1366.895,-26.815,0,0
147,00:00:06.150,6.1516,-10.977,30,6.053,0,-1500,1.065192,0,1355.361,-25.00449,0,0
147,00:00:06.152,6.1532,-10.977,30,6.053,0,-1500,1.065192,0,1367.011,-24.10751,0,0
147,00:00:06.153,6.1548,-10.977,30,5.903,0,-1500,1.09688,0,1349.303,-20.494,0,0
147,00:00:06.155,6.1564,-10.977,30,5.903,0,-1500,1.09688,0,1308.645,-25.00449,0,0
148,00:00:06.156,6.158,-10.977,30,5.903,0,-1500,1.09688,0,1285.927,-24.10349,0,0
148,00:00:06.158,6.1596,-10.977,30,5.828,0,-1500,1.026525,0,1216.726,-25.45699,0,0
148,00:00:06.160,6.1612,-10.977,30,5.753,0,-1500,0.95617,0,1171.524,-27.2685,0,0
148,00:00:06.161,6.1628,-10.977,30,5.753,0,-1500,0.95617,0,1156.845,-26.3625,0,0
148,00:00:06.163,6.1644,-10.977,30,5.753,0,-1500,0.95617,0,1138.205,-22.294,0,0
148,00:00:06.164,6.166,-10.977,30,5.678,0,-1500,0.891293,0,1140.768,-21.393,0,0
148,00:00:06.166,6.1676,-10.977,30,5.603,0,-1500,0.826416,0,1129.7,-22.74699,0,0
148,00:00:06.168,6.1692,-10.977,30,5.603,0,-1500,0.826416,0,1096.032,-22.742,0,0
148,00:00:06.169,6.1708,-10.977,30,5.603,0,-1500,0.826416,0,1101.391,-22.293,0,0
148,00:00:06.171,6.1724,-10.977,30,5.453,0,-1500,0.9150724,0,1070.402,-24.5555,0,0
148,00:00:06.172,6.174,-10.977,30,5.453,0,-1500,0.9150724,0,1045.471,-29.5235,0,0
148,00:00:06.174,6.1756,-10.977,30,5.453,0,-1500,0.9150724,0,1045.238,-23.648,0,0
148,00:00:06.176,6.1772,-10.977,30,5.453,0,-1500,0.9150724,0,1031.607,-24.10101,0,0
148,00:00:06.177,6.1788,-10.977,30,5.303,0,-1500,0.8131838,0,1044.656,-21.84451,0,0
148,00:00:06.179,6.1804,-10.977,30,5.303,0,-1500,0.8131838,0,1019.841,-22.7465,0,0
148,00:00:06.180,6.182,-10.977,30,5.303,0,-1500,0.8131838,0,978.2505,-27.2665,0,0
148,00:00:06.182,6.1836,-10.977,30,5.228,0,-1500,0.8055229,0,962.8725,-22.2935,0,0
148,00:00:06.184,6.1852,-10.977,30,5.153,0,-1500,0.797862,0,943.417,-28.619,0,0
148,00:00:06.185,6.1868,-10.977,30,5.153,0,-1500,0.797862,0,940.0385,-25.0065,0,0
148,00:00:06.187,6.1884,-10.977,30,5.153,0,-1500,0.797862,0,915.1075,-22.745,0,0
148,00:00:06.188,6.19,-10.977,30,5.078,0,-1500,0.7961292,0,874.3325,-29.07201,0,0
148,00:00:06.190,6.1916,-10.977,30,5.003,0,-1500,0.7943963,0,881.5555,-25.906,0,0
148,00:00:06.192,6.1932,-10.977,30,5.003,0,-1500,0.7943963,0,883.303,-32.6885,0,0
148,00:00:06.193,6.1948,-10.977,30,5.003,0,-1500,0.7943963,0,842.1785,-28.6235,0,0
148,00:00:06.195,6.1964,-10.977,30,4.853,0,-1500,0.8166556,0,818.8785,-29.5235,0,0
148,00:00:06.196,6.198,-10.977,30,4.853,0,-1500,0.8166556,0,799.656,-29.072,0,0
149,00:00:06.198,6.1996,-10.977,30,4.853,0,-1500,0.8166556,0,795.229,-25.9095,0,0
149,00:00:06.200,6.2012,-10.977,30,4.853,0,-1500,0.8166556,0,791.501,-29.52551,0,0
149,00:00:06.201,6.2028,-10.977,30,4.703,0,-1500,1.027655,0,786.9575,-26.8115,0,0
149,00:00:06.203,6.2044,-10.977,30,4.703,0,-1500,1.027655,0,777.754,-26.3605,0,0
149,00:00:06.204,6.206,-10.977,30,4.703,0,-1500,1.027655,0,776.0065,-29.077,0,0
149,00:00:06.206,6.2076,-10.977,30,4.628,0,-1500,0.9426728,0,762.376,-28.1675,0,0
149,00:00:06.208,6.2092,-10.977,30,4.553,0,-1500,0.8576908,0,741.9885,-32.233,0,0
149,00:00:06.209,6.2108,-10.977,30,4.553,0,-1500,0.8576908,0,728.125,-32.6875,0,0
149,00:00:06.211,6.2124,-10.977,30,4.553,0,-1500,0.8576908,0,713.3295,-31.3325,0,0
149,00:00:06.212,6.214,-10.977,30,4.478,0,-1500,0.8611676,0,699.699,-34.4975,0,0
149,00:00:06.214,6.2156,-10.977,30,4.403,0,-1500,0.8646444,0,680.9425,-27.266,0,0
149,00:00:06.216,6.2172,-10.977,30,4.403,0,-1500,0.8646444,0,664.6324,-29.52551,0,0
149,00:00:06.217,6.2188,-10.977,30,4.403,0,-1500,0.8646444,0,649.4875,-27.2705,0,0
149,00:00:06.219,6.2204,-10.977,30,4.253,0,-1500,0.721376,0,603.703,-26.8135,0,0
149,00:00:06.220,6.222,-10.977,30,4.253,0,-1500,0.721376,0,604.868,-31.7865,0,0
149,00:00:06.222,6.2236,-10.977,30,4.253,0,-1500,0.721376,0,604.402,-28.17001,0,0
149,00:00:06.224,6.2252,-10.977,30,4.253,0,-1500,0.721376,0,595.315,-29.5265,0,0
149,00:00:06.225,6.2268,-10.977,30,4.103,0,-1500,0.605969,0,576.3254,-32.2345,0,0
149,00:00:06.227,6.2284,-10.977,30,4.103,0,-1500,0.605969,0,579.704,-27.714,0,0
149,00:00:06.228,6.23,-10.977,30,4.103,0,-1500,0.605969,0,563.7435,-29.525,0,0
149,00:00:06.230,6.2316,-10.977,30,4.028,0,-1500,0.7020525,0,562.229,-25.91,0,0
149,00:00:06.232,6.2332,-10.977,30,3.953,0,-1500,0.7981361,0,557.9185,-29.976,0,0
149,00:00:06.233,6.2348,-10.977,30,3.953,0,-1500,0.7981361,0,547.4335,-28.172,0,0
149,00:00:06.235,6.2364,-10.977,30,3.953,0,-1500,0.7981361,0,542.657,-25.459,0,0
149,00:00:06.236,6.238,-10.977,30,3.878,0,-1500,0.6580092,0,526.4635,-26.3625,0,0
149,00:00:06.238,6.2396,-10.977,30,3.803,0,-1500,0.5178822,0,516.561,-24.553,0,0
150,00:00:06.240,6.2412,-10.977,30,3.803,0,-1500,0.5178822,0,495.358,-28.6205,0,0
150,00:00:06.241,6.2428,-10.977,30,3.803,0,-1500,0.5178822,0,481.0285,-25.90849,0,0
150,00:00:06.243,6.2444,-10.977,30,3.653,0,-1500,0.766313,0,464.835,-26.3615,0,0
150,00:00:06.244,6.246,-10.977,30,3.653,0,-1500,0.766313,0,456.447,-33.1385,0,0
150,00:00:06.246,6.2476,-10.977,30,3.653,0,-1500,0.766313,0,436.7585,-27.264,0,0
150,00:00:06.248,6.2492,-10.977,30,3.653,0,-1500,0.766313,0,418.002,-26.813,0,0
150,00:00:06.249,6.2508,-10.977,30,3.503,0,-1500,0.6634095,0,410.546,-29.074,0,0
150,00:00:06.251,6.2524,-10.977,30,3.503,0,-1500,0.6634095,0,395.401,-26.813,0,0
150,00:00:06.252,6.254,-10.977,30,3.503,0,-1500,0.6634095,0,376.295,-28.6235,0,0
150,00:00:06.254,6.2556,-10.977,30,3.428,0,-1500,0.7223463,0,355.325,-28.169,0,0
150,00:00:06.256,6.2572,-10.977,30,3.353,0,-1500,0.7812831,0,343.7915,-26.81451,0,0
150,00:00:06.257,6.2588,-10.977,30,3.353,0,-1500,0.7812831,0,320.142,-26.8165,0,0
150,00:00:06.259,6.2604,-10.977,30,3.353,0,-1500,0.7812831,0,295.5605,-26.8115,0,0
150,00:00:06.260,6.262,-10.977,30,3.278,0,-1500,0.8828683,0,271.5615,-27.7175,0,0
150,00:00:06.262,6.2636,-10.977,30,3.203,0,-1500,0.9844536,0,251.873,-28.617,0,0
150,00:00:06.264,6.2652,-10.977,30,3.203,0,-1500,0.9844536,0,244.9995,-30.429,0,0
150,00:00:06.265,6.2668,-10.977,30,3.203,0,-1500,0.9844536,0,230.204,-32.6865,0,0
150,00:00:06.267,6.2684,-10.977,30,3.053,0,-1500,0.8506117,0,220.884,-28.1675,0,0
150,00:00:06.268,6.27,-10.977,30,3.053,0,-1500,0.8506117,0,208.768,-32.689,0,0
150,00:00:06.270,6.2716,-10.977,30,3.053,0,-1500,0.8506117,0,210.2825,-28.17101,0,0
150,00:00:06.272,6.2732,-10.977,30,3.053,0,-1500,0.8506117,0,206.7875,-26.8195,0,0
150,00:00:06.273,6.2748,-10.977,30,2.903,0,-1500,0.8344674,0,196.885,-25.91151,0,0
150,00:00:06.275,6.2764,-10.977,30,2.903,0,-1500,0.8344674,0,207.7195,-25.91151,0,0
150,00:00:06.276,6.278,-10.977,30,2.903,0,-1500,0.8344674,0,202.5935,-24.5525,0,0
150,00:00:06.278,6.2796,-10.977,30,2.828,0,-1500,0.8066484,0,211.4475,-22.299,0,0
150,00:00:06.280,6.2812,-10.977,30,2.753,0,-1500,0.7788295,0,212.8455,-27.26701,0,0
151,00:00:06.281,6.2828,-10.977,30,2.753,0,-1500,0.7788295,0,218.4375,-26.813,0,0
151,00:00:06.283,6.2844,-10.977,30,2.753,0,-1500,0.7788295,0,232.6505,-28.1675,0,0
151,00:00:06.284,6.286,-10.977,30,2.678,0,-1500,0.7303046,0,237.3105,-26.8155,0,0
151,00:00:06.286,6.2876,-10.977,30,2.603,0,-1500,0.6817797,0,241.7375,-34.0385,0,0
151,00:00:06.288,6.2892,-10.977,30,2.603,0,-1500,0.6817797,0,242.2035,-25.006,0,0
151,00:00:06.289,6.2908,-10.977,30,2.603,0,-1500,0.6817797,0,242.4365,-29.5245,0,0
151,00:00:06.291,6.2924,-10.977,30,2.453,0,-1500,0.8365948,0,240.1065,-21.3935,0,0
151,00:00:06.292,6.294,-10.977,30,2.453,0,-1500,0.8365948,0,247.679,-24.1045,0,0
151,00:00:06.294,6.2956,-10.977,30,2.453,0,-1500,0.8365948,0,247.0965,-21.393,0,0
151,00:00:06.296,6.2972,-10.977,30,2.453,0,-1500,0.8365948,0,256.999,-22.744,0,0
151,00:00:06.297,6.2988,-10.977,30,2.303,0,-1500,0.6962078,0,259.4455,-22.2985,0,0
151,00:00:06.299,6.3004,-10.977,30,2.303,0,-1500,0.6962078,0,273.6585,-25.001,0,0
151,00:00:06.300,6.302,-10.977,30,2.303,0,-1500,0.6962078,0,258.9795,-22.297,0,0
151,00:00:06.302,6.3036,-10.977,30,2.228,0,-1500,0.7620836,0,262.2415,-25.0075,0,0
151,00:00:06.304,6.3052,-10.977,30,2.153,0,-1500,0.8279595,0,264.921,-22.29951,0,0
151,00:00:06.305,6.3068,-10.977,30,2.153,0,-1500,0.8279595,0,262.591,-25.0085,0,0
151,00:00:06.307,6.3084,-10.977,30,2.153,0,-1500,0.8279595,0,265.2705,-16.876,0,0
151,00:00:06.308,6.31,-10.977,30,2.078,0,-1500,0.7994083,0,263.29,-20.942,0,0
151,00:00:06.310,6.3116,-10.977,30,2.003,0,-1500,0.7708572,0,259.2125,-19.1325,0,0
151,00:00:06.312,6.3132,-10.977,30,2.003,0,-1500,0.7708572,0,259.6785,-15.974,0,0
151,00:00:06.313,6.3148,-10.977,30,2.003,0,-1500,0.7708572,0,259.096,-16.876,0,0
151,00:00:06.315,6.3164,-10.977,30,1.853,0,-1500,0.8404512,0,278.0855,-19.132,0,0
151,00:00:06.316,6.318,-10.977,30,1.853,0,-1500,0.8404512,0,285.891,-19.1355,0,0
151,00:00:06.318,6.3196,-10.977,30,1.853,0,-1500,0.8404512,0,290.9005,-22.297,0,0
151,00:00:06.320,6.3212,-10.977,30,1.853,0,-1500,0.8404512,0,290.085,-19.1365,0,0
151,00:00:06.321,6.3228,-10.977,30,1.703,0,-1500,1.038591,0,292.9975,-23.199,0,0
152,00:00:06.323,6.3244,-10.977,30,1.703,0,-1500,1.038591,0,295.0945,-16.42599,0,0
152,00:00:06.324,6.326,-10.977,30,1.703,0,-1500,1.038591,0,287.056,-16.425,0,0
152,00:00:06.326,6.3276,-10.977,30,1.628,0,-1500,1.027607,0,289.5025,-12.361,0,0
152,00:00:06.328,6.3292,-10.977,30,1.553,0,-1500,1.016623,0,275.173,-19.1335,0,0
152,00:00:06.329,6.3308,-10.977,30,1.553,0,-1500,1.016623,0,270.979,-17.78049,0,0
152,00:00:06.331,6.3324,-10.977,30,1.553,0,-1500,1.016623,0,280.998,-22.297,0,0
152,00:00:06.332,6.334,-10.977,30,1.478,0,-1500,1.008085,0,265.154,-20.9455,0,0
152,00:00:06.334,6.3356,-10.977,30,1.403,0,-1500,0.9995459,0,250.3585,-24.555,0,0
152,00:00:06.336,6.3372,-10.977,30,1.403,0,-1500,0.9995459,0,259.2125,-20.9445,0,0
152,00:00:06.337,6.3388,-10.977,30,1.403,0,-1500,0.9995459,0,243.019,-23.65099,0,0
152,00:00:06.339,6.3404,-10.977,30,1.253,0,-1500,0.8446412,0,245.4655,-23.19849,0,0
152,00:00:06.340,6.342,-10.977,30,1.253,0,-1500,0.8446412,0,244.883,-25.46,0,0
152,00:00:06.342,6.3436,-10.977,30,1.253,0,-1500,0.8446412,0,245.349,-19.1335,0,0
152,00:00:06.344,6.3452,-10.977,30,1.253,0,-1500,0.8446412,0,247.213,-20.9415,0,0
152,00:00:06.345,6.3468,-10.977,30,1.103,0,-1500,0.7948628,0,236.029,-17.7815,0,0
152,00:00:06.347,6.3484,-10.977,30,1.103,0,-1500,0.7948628,0,242.32,-18.6805,0,0
152,00:00:06.348,6.35,-10.977,30,1.103,0,-1500,0.7948628,0,223.68,-17.3265,0,0
152,00:00:06.350,6.3516,-10.977,30,1.028,0,-1500,0.8674797,0,227.5245,-22.744,0,0
152,00:00:06.352,6.3532,-10.977,30,0.9530001,0,-1500,0.9400967,0,214.36,-19.585,0,0
152,00:00:06.353,6.3548,-10.977,30,0.9530001,0,-1500,0.9400967,0,201.778,-22.2925,0,0
152,00:00:06.355,6.3564,-10.977,30,0.9530001,0,-1500,0.9400967,0,195.021,-17.326,0,0
152,00:00:06.356,6.358,-10.977,30,0.878,0,-1500,0.9101511,0,191.526,-23.199,0,0
152,00:00:06.358,6.3596,-10.977,30,0.803,0,-1500,0.8802056,0,185.235,-19.1325,0,0
152,00:00:06.360,6.3612,-10.977,30,0.803,0,-1500,0.8802056,0,178.3615,-21.84299,0,0
152,00:00:06.361,6.3628,-10.977,30,0.803,0,-1500,0.8802056,0,178.245,-20.037,0,0
152,00:00:06.363,6.3644,-10.977,30,0.6529999,0,-1500,0.9991967,0,169.391,-19.13,0,0
153,00:00:06.364,6.366,-10.977,30,0.6529999,0,-1500,0.9991967,0,173.2355,-11.9095,0,0
153,00:00:06.366,6.3676,-10.977,30,0.6529999,0,-1500,0.9991967,0,177.08,-19.133,0,0
153,00:00:06.368,6.3692,-10.977,30,0.6529999,0,-1500,0.9991967,0,178.3615,-16.4205,0,0
153,00:00:06.369,6.3708,-10.977,30,0.5029998,0,-1500,0.9387004,0,190.0115,-23.19849,0,0
153,00:00:06.371,6.3724,-10.977,30,0.5029998,0,-1500,0.9387004,0,190.128,-18.6765,0,0
153,00:00:06.372,6.374,-10.977,30,0.5029998,0,-1500,0.9387004,0,210.9815,-20.49,0,0
153,00:00:06.374,6.3756,-10.977,30,0.4279997,0,-1500,0.9694804,0,217.5055,-21.8455,0,0
153,00:00:06.376,6.3772,-10.977,30,0.3529997,0,-1500,1.00026,0,232.767,-20.4895,0,0
153,00:00:06.377,6.3788,-10.977,30,0.3529997,0,-1500,1.00026,0,244.184,-22.7505,0,0
153,00:00:06.379,6.3804,-10.977,30,0.3529997,0,-1500,1.00026,0,227.2915,-22.2965,0,0
153,00:00:06.380,6.382,-10.977,30,0.2779999,0,-1500,1.054137,0,213.428,-19.59051,0,0
153,00:00:06.382,6.3836,-10.977,30,0.2030001,0,-1500,1.108015,0,190.594,-24.101,0,0
153,00:00:06.384,6.3852,-10.977,30,0.2030001,0,-1500,1.108015,0,183.371,-18.2295,0,0
153,00:00:06.385,6.3868,-10.977,30,0.2030001,0,-1500,1.108015,0,168.1095,-18.6835,0,0
153,00:00:06.387,6.3884,-10.977,30,0.0539999,0,-1483.2,0.9921961,0,169.9735,-17.779,0,0
153,00:00:06.388,6.39,-10.977,30,0.0539999,0,-1483.2,0.9921961,0,157.042,-25.005,0,0
153,00:00:06.390,6.3916,-10.977,30,0.0539999,0,-1483.2,0.9921961,0,165.896,-22.747,0,0
153,00:00:06.392,6.3932,-10.977,30,0.0539999,0,-1483.2,0.9921961,0,139.8,-26.812,0,0
153,00:00:06.393,6.3948,-10.977,30,-0.09200001,0,-1425.6,0.9542329,0,137.936,-26.8145,0,0
153,00:00:06.395,6.3964,-10.977,30,-0.09200001,0,-1425.6,0.9542329,0,145.0425,-25.004,0,0
153,00:00:06.396,6.398,-10.977,30,-0.09200001,0,-1425.6,0.9542329,0,145.0425,-22.75,0,0
153,00:00:06.398,6.3996,-10.977,30,-0.1615,0,-1389.6,0.8770885,0,140.266,-27.2625,0,0
153,00:00:06.400,6.4012,-10.977,30,-0.2309999,0,-1353.6,0.7999442,0,144.227,-25.46101,0,0
153,00:00:06.401,6.4028,-10.977,30,-0.2309999,0,-1353.6,0.7999442,0,143.8775,-27.7145,0,0
153,00:00:06.403,6.4044,-10.977,30,-0.2309999,0,-1353.6,0.7999442,0,144.926,-22.295,0,0
153,00:00:06.404,6.406,-10.977,30,-0.2965,0,-1317.6,0.7732104,0,146.2075,-29.525,0,0
154,00:00:06.406,6.4076,-10.977,30,-0.362,0,-1281.6,0.7464766,0,146.9065,-21.387,0,0
154,00:00:06.408,6.4092,-10.977,30,-0.362,0,-1281.6,0.7464766,0,140.6155,-25.461,0,0
154,00:00:06.409,6.4108,-10.977,30,-0.362,0,-1281.6,0.7464766,0,156.4595,-25.4575,0,0
154,00:00:06.411,6.4124,-10.977,30,-0.4860001,0,-1209.6,0.8366488,0,141.897,-25.454,0,0
154,00:00:06.412,6.414,-10.977,30,-0.4860001,0,-1209.6,0.8366488,0,148.5375,-25.462,0,0
154,00:00:06.414,6.4156,-10.977,30,-0.4860001,0,-1209.6,0.8366488,0,148.7705,-29.523,0,0
154,00:00:06.416,6.4172,-10.977,30,-0.4860001,0,-1209.6,0.8366488,0,146.091,-25.457,0,0
154,00:00:06.417,6.4188,-10.977,30,-0.6040001,0,-1137.6,0.6137646,0,141.5475,-29.52399,0,0
154,00:00:06.419,6.4204,-10.977,30,-0.6040001,0,-1137.6,0.6137646,0,143.6445,-25.90649,0,0
154,00:00:06.420,6.422,-10.977,30,-0.6040001,0,-1137.6,0.6137646,0,147.1395,-26.362,0,0
154,00:00:06.422,6.4236,-10.977,30,-0.6590002,0,-1101.6,0.6802404,0,144.46,-21.84299,0,0
154,00:00:06.424,6.4252,-10.977,30,-0.7140002,0,-1065.6,0.7467161,0,143.6445,-26.813,0,0
154,00:00:06.425,6.4268,-10.977,30,-0.7140002,0,-1065.6,0.7467161,0,148.421,-22.7505,0,0
154,00:00:06.427,6.4284,-10.977,30,-0.7140002,0,-1065.6,0.7467161,0,147.489,-22.7475,0,0
154,00:00:06.428,6.43,-10.977,30,-0.7650001,0,-1029.6,0.6818601,0,149.12,-29.0755,0,0
154,00:00:06.430,6.4316,-10.977,30,-0.816,0,-993.6005,0.6170041,0,153.081,-26.8125,0,0
154,00:00:06.432,6.4332,-10.977,30,-0.816,0,-993.6005,0.6170041,0,147.955,-20.94199,0,0
154,00:00:06.433,6.4348,-10.977,30,-0.816,0,-993.6005,0.6170041,0,153.547,-25.0085,0,0
154,00:00:06.435,6.4364,-10.977,30,-0.9120002,0,-921.6001,0.7569719,0,151.5665,-22.74799,0,0
154,00:00:06.436,6.438,-10.977,30,-0.9120002,0,-921.6001,0.7569719,0,156.9255,-23.2005,0,0
154,00:00:06.438,6.4396,-10.977,30,-0.9120002,0,-921.6001,0.7569719,0,153.78,-21.39149,0,0
154,00:00:06.440,6.4412,-10.977,30,-0.9120002,0,-921.6001,0.7569719,0,151.7995,-23.2,0,0
154,00:00:06.441,6.4428,-10.977,30,-1,0,-849.6003,0.9097474,0,156.9255,-22.296,0,0
154,00:00:06.443,6.4444,-10.977,30,-1,0,-849.6003,0.9097474,0,158.906,-20.9385,0,0
154,00:00:06.444,6.446,-10.977,30,-1,0,-849.6003,0.9097474,0,162.7505,-20.9395,0,0
154,00:00:06.446,6.4476,-10.977,30,-1.0405,0,-813.6003,0.826579,0,161.935,-25.4575,0,0
155,00:00:06.448,6.4492,-10.977,30,-1.081,0,-777.6004,0.7434106,0,164.3815,-16.875,0,0
155,00:00:06.449,6.4508,-10.977,30,-1.081,0,-777.6004,0.7434106,0,166.2455,-23.2015,0,0
155,00:00:06.451,6.4524,-10.977,30,-1.081,0,-777.6004,0.7434106,0,163.566,-18.682,0,0
155,00:00:06.452,6.454,-10.977,30,-1.118,0,-741.6003,0.7996537,0,165.7795,-26.3655,0,0
155,00:00:06.454,6.4556,-10.977,30,-1.155,0,-705.6003,0.8558968,0,163.333,-22.297,0,0
155,00:00:06.456,6.4572,-10.977,30,-1.155,0,-705.6003,0.8558968,0,163.566,-25.004,0,0
155,00:00:06.457,6.4588,-10.977,30,-1.155,0,-705.6003,0.8558968,0,166.0125,-24.103,0,0
155,00:00:06.459,6.4604,-10.977,30,-1.222,0,-633.6002,0.8309797,0,163.1,-21.39,0,0
155,00:00:06.460,6.462,-10.977,30,-1.222,0,-633.6002,0.8309797,0,163.799,-22.74899,0,0
155,00:00:06.462,6.4636,-10.977,30,-1.222,0,-633.6002,0.8309797,0,167.294,-26.358,0,0
155,00:00:06.464,6.4652,-10.977,30,-1.222,0,-633.6002,0.8309797,0,165.3135,-22.7425,0,0
155,00:00:06.465,6.4668,-10.977,30,-1.281,0,-561.6003,0.7574242,0,165.3135,-25.4565,0,0
155,00:00:06.467,6.4684,-10.977,30,-1.281,0,-561.6003,0.7574242,0,164.1485,-24.0975,0,0
155,00:00:06.468,6.47,-10.977,30,-1.281,0,-561.6003,0.7574242,0,165.7795,-25.0065,0,0
155,00:00:06.470,6.4716,-10.977,30,-1.3075,0,-525.6002,0.8129805,0,166.4785,-20.4865,0,0
155,00:00:06.472,6.4732,-10.977,30,-1.334,0,-489.6002,0.8685369,0,162.2845,-25.906,0,0
155,00:00:06.473,6.4748,-10.977,30,-1.334,0,-489.6002,0.8685369,0,167.527,-23.6515,0,0
155,00:00:06.475,6.4764,-10.977,30,-1.334,0,-489.6002,0.8685369,0,165.43,-23.194,0,0
155,00:00:06.476,6.478,-10.977,30,-1.3565,0,-453.6002,0.754463,0,166.362,-23.6505,0,0
155,00:00:06.478,6.4796,-10.977,30,-1.379,0,-417.6003,0.640389,0,166.9445,-25.4545,0,0
155,00:00:06.480,6.4812,-10.977,30,-1.379,0,-417.6003,0.640389,0,169.9735,-22.74899,0,0
155,00:00:06.481,6.4828,-10.977,30,-1.379,0,-417.6003,0.640389,0,172.42,-23.197,0,0
155,00:00:06.483,6.4844,-10.977,30,-1.417,0,-345.6003,0.7471578,0,170.323,-28.165,0,0
155,00:00:06.484,6.486,-10.977,30,-1.417,0,-345.6003,0.7471578,0,173.9345,-25.462,0,0
155,00:00:06.486,6.4876,-10.977,30,-1.417,0,-345.6003,0.7471578,0,176.381,-24.097,0,0
155,00:00:06.488,6.4892,-10.977,30,-1.417,0,-345.6003,0.7471578,0,178.012,-21.392,0,0
156,00:00:06.489,6.4908,-10.977,30,-1.447,0,-273.6002,0.6408424,0,176.381,-20.941,0,0
156,00:00:06.491,6.4924,-10.977,30,-1.447,0,-273.6002,0.6408424,0,178.711,-22.745,0,0
156,00:00:06.492,6.494,-10.977,30,-1.447,0,-273.6002,0.6408424,0,175.0995,-25.0075,0,0
156,00:00:06.494,6.4956,-10.977,30,-1.459,0,-237.6002,0.7253284,0,173.9345,-28.1665,0,0
156,00:00:06.496,6.4972,-10.977,30,-1.471,0,-201.6002,0.8098145,0,170.556,-25.0095,0,0
156,00:00:06.497,6.4988,-10.977,30,-1.471,0,-201.6002,0.8098145,0,170.556,-23.202,0,0
156,00:00:06.499,6.5004,-10.977,30,-1.471,0,-201.6002,0.8098145,0,167.6435,-25.007,0,0
156,00:00:06.500,6.502,-10.977,30,-1.479,0,-165.6003,0.9141513,0,164.8475,-25.009,0,0
156,00:00:06.502,6.5036,-10.977,30,-1.487,0,-129.6004,1.018488,0,158.7895,-25.909,0,0
156,00:00:06.504,6.5052,-10.977,30,-1.487,0,-129.6004,1.018488,0,154.479,-24.105,0,0
156,00:00:06.505,6.5068,-10.977,30,-1.487,0,-129.6004,1.018488,0,149.353,-22.296,0,0
156,00:00:06.507,6.5084,-10.977,30,-1.496,0,-58.15414,0.9811218,0,142.7125,-23.1995,0,0
156,00:00:06.508,6.51,-10.977,30,-1.496,0,-58.15414,0.9811218,0,136.305,-24.5565,0,0
156,00:00:06.510,6.5116,-10.977,30,-1.496,0,-58.15414,0.9811218,0,132.6935,-20.4885,0,0
156,00:00:06.512,6.5132,-10.977,30,-1.496,0,-58.15414,0.9811218,0,129.548,-22.749,0,0
156,00:00:06.513,6.5148,-10.977,30,-1.499,0,-8.677028,1.04078,0,125.4705,-24.5555,0,0
156,00:00:06.515,6.5164,-10.977,30,-1.499,0,-8.677028,1.04078,0,115.2185,-24.55099,0,0
156,00:00:06.516,6.518,-10.977,30,-1.499,0,-8.677028,1.04078,0,82.5985,-24.5615,0,0
156,00:00:06.518,6.5196,-10.977,30,-1.499,0,11.44616,0.9882445,0,51.726,-25.002,0,0
156,00:00:06.520,6.5212,-10.977,30,-1.499,0,31.56934,0.9357091,0,13.6305,-24.106,0,0
156,00:00:06.521,6.5228,-10.977,30,-1.499,0,31.56934,0.9357091,0,-17.941,-22.748,0,0
156,00:00:06.523,6.5244,-10.977,30,-1.499,0,31.56934,0.9357091,0,-35.0665,-22.75,0,0
156,00:00:06.524,6.526,-10.977,30,-1.496,0,64.98464,0.9180517,0,-43.105,-22.293,0,0
156,00:00:06.526,6.5276,-10.977,30,-1.493,0,98.39994,0.9003944,0,-40.775,-20.933,0,0
156,00:00:06.528,6.5292,-10.977,30,-1.493,0,98.39994,0.9003944,0,-40.8915,-25.9135,0,0
156,00:00:06.529,6.5308,-10.977,30,-1.493,0,98.39994,0.9003944,0,-48.5805,-22.297,0,0
157,00:00:06.531,6.5324,-10.977,30,-1.479,0,170.4,0.9047409,0,-44.736,-21.3895,0,0
157,00:00:06.532,6.534,-10.977,30,-1.479,0,170.4,0.9047409,0,-51.027,-25.462,0,0
157,00:00:06.534,6.5356,-10.977,30,-1.479,0,170.4,0.9047409,0,-53.2405,-20.0385,0,0
157,00:00:06.536,6.5372,-10.977,30,-1.479,0,170.4,0.9047409,0,-49.163,-20.04,0,0
157,00:00:06.537,6.5388,-10.977,30,-1.458,0,242.3998,0.7767848,0,-55.3375,-20.0375,0,0
157,00:00:06.539,6.5404,-10.977,30,-1.458,0,242.3998,0.7767848,0,-56.5025,-19.583,0,0
157,00:00:06.540,6.542,-10.977,30,-1.458,0,242.3998,0.7767848,0,-59.881,-19.136,0,0
157,00:00:06.542,6.5436,-10.977,30,-1.444,0,278.3999,0.778833,0,-64.774,-19.133,0,0
157,00:00:06.544,6.5452,-10.977,30,-1.43,0,314.3999,0.7808812,0,-68.036,-14.163,0,0
157,00:00:06.545,6.5468,-10.977,30,-1.43,0,314.3999,0.7808812,0,-76.07449,-16.878,0,0
157,00:00:06.547,6.5484,-10.977,30,-1.43,0,314.3999,0.7808812,0,-75.3755,-21.39149,0,0
157,00:00:06.548,6.55,-10.977,30,-1.4125,0,350.4,0.7741125,0,-81.4335,-20.9435,0,0
157,00:00:06.550,6.5516,-10.977,30,-1.395,0,386.4001,0.7673437,0,-77.123,-21.8415,0,0
157,00:00:06.552,6.5532,-10.977,30,-1.395,0,386.4001,0.7673437,0,-82.13249,-19.13651,0,0
157,00:00:06.553,6.5548,-10.977,30,-1.395,0,386.4001,0.7673437,0,-75.026,-19.1355,0,0
157,00:00:06.555,6.5564,-10.977,30,-1.352,0,458.4,0.8865091,0,-73.0455,-18.231,0,0
157,00:00:06.556,6.558,-10.977,30,-1.352,0,458.4,0.8865091,0,-65.3565,-15.976,0,0
157,00:00:06.558,6.5596,-10.977,30,-1.352,0,458.4,0.8865091,0,-61.8615,-20.0365,0,0
157,00:00:06.560,6.5612,-10.977,30,-1.352,0,458.4,0.8865091,0,-57.2015,-18.23,0,0
157,00:00:06.561,6.5628,-10.977,30,-1.302,0,530.4,1.066159,0,-54.6385,-20.939,0,0
157,00:00:06.563,6.5644,-10.977,30,-1.302,0,530.4,1.066159,0,-49.9785,-21.39149,0,0
157,00:00:06.564,6.566,-10.977,30,-1.302,0,530.4,1.066159,0,-54.522,-22.74699,0,0
157,00:00:06.566,6.5676,-10.977,30,-1.274,0,566.4,1.063875,0,-55.5705,-23.201,0,0
157,00:00:06.568,6.5692,-10.977,30,-1.246,0,602.4001,1.06159,0,-52.5415,-21.3905,0,0
157,00:00:06.569,6.5708,-10.977,30,-1.246,0,602.4001,1.06159,0,-53.0075,-22.746,0,0
157,00:00:06.571,6.5724,-10.977,30,-1.246,0,602.4001,1.06159,0,-57.318,-20.491,0,0
158,00:00:06.572,6.574,-10.977,30,-1.214,0,638.4001,1.074985,0,-55.3375,-21.394,0,0
158,00:00:06.574,6.5756,-10.977,30,-1.182,0,674.4001,1.08838,0,-59.5315,-23.6515,0,0
158,00:00:06.576,6.5772,-10.977,30,-1.182,0,674.4001,1.08838,0,-57.9005,-25.00449,0,0
158,00:00:06.577,6.5788,-10.977,30,-1.182,0,674.4001,1.08838,0,-56.2695,-22.29501,0,0
158,00:00:06.579,6.5804,-10.977,30,-1.11,0,746.3999,0.9852354,0,-60.4635,-20.945,0,0
158,00:00:06.580,6.582,-10.977,30,-1.11,0,746.3999,0.9852354,0,-63.609,-21.3945,0,0
158,00:00:06.582,6.5836,-10.977,30,-1.11,0,746.3999,0.9852354,0,-65.3565,-23.1955,0,0
158,00:00:06.584,6.5852,-10.977,30,-1.11,0,746.3999,0.9852354,0,-61.51199,-24.555,0,0
158,00:00:06.585,6.5868,-10.977,30,-1.032,0,818.3999,0.9110996,0,-75.492,-22.7455,0,0
158,00:00:06.587,6.5884,-10.977,30,-1.032,0,818.3999,0.9110996,0,-67.104,-24.1015,0,0
158,00:00:06.588,6.59,-10.977,30,-1.032,0,818.3999,0.9110996,0,-67.803,-25.001,0,0
158,00:00:06.590,6.5916,-10.977,30,-0.9890001,0,854.4,0.9012238,0,-65.5895,-22.2935,0,0
158,00:00:06.592,6.5932,-10.977,30,-0.9460001,0,890.4001,0.8913479,0,-67.45349,-22.29549,0,0
158,00:00:06.593,6.5948,-10.977,30,-0.9460001,0,890.4001,0.8913479,0,-56.619,-25.003,0,0
158,00:00:06.595,6.5964,-10.977,30,-0.9460001,0,890.4001,0.8913479,0,-68.8515,-20.93401,0,0
158,00:00:06.596,6.598,-10.977,30,-0.8995001,0,926.4001,0.8178958,0,-64.541,-23.65601,0,0
158,00:00:06.598,6.5996,-10.977,30,-0.8530002,0,962.4,0.7444436,0,-59.182,-25.908,0,0
158,00:00:06.600,6.6012,-10.977,30,-0.8530002,0,962.4,0.7444436,0,-61.745,-21.8425,0,0
158,00:00:06.601,6.6028,-10.977,30,-0.8530002,0,962.4,0.7444436,0,-61.279,-26.8135,0,0
158,00:00:06.603,6.6044,-10.977,30,-0.7530003,0,1034.4,0.7574952,0,-53.0075,-28.6195,0,0
158,00:00:06.604,6.606,-10.977,30,-0.7530003,0,1034.4,0.7574952,0,-55.454,-25.911,0,0
158,00:00:06.606,6.6076,-10.977,30,-0.7530003,0,1034.4,0.7574952,0,-53.357,-20.941,0,0
158,00:00:06.608,6.6092,-10.977,30,-0.7530003,0,1034.4,0.7574952,0,-59.7645,-26.812,0,0
158,00:00:06.609,6.6108,-10.977,30,-0.6459999,0,1106.4,0.7023624,0,-48.1145,-25.008,0,0
158,00:00:06.611,6.6124,-10.977,30,-0.6459999,0,1106.4,0.7023624,0,-66.7545,-23.201,0,0
158,00:00:06.612,6.614,-10.977,30,-0.6459999,0,1106.4,0.7023624,0,-62.677,-25.0065,0,0
159,00:00:06.614,6.6156,-10.977,30,-0.5885,0,1142.4,0.7111756,0,-68.968,-27.2635,0,0
159,00:00:06.616,6.6172,-10.977,30,-0.5310001,0,1178.4,0.7199888,0,-68.8515,-22.7515,0,0
159,00:00:06.617,6.6188,-10.977,30,-0.5310001,0,1178.4,0.7199888,0,-67.91949,-26.359,0,0
159,00:00:06.619,6.6204,-10.977,30,-0.5310001,0,1178.4,0.7199888,0,-66.172,-27.2645,0,0
159,00:00:06.620,6.622,-10.977,30,-0.4705002,0,1214.4,0.8399914,0,-65.1235,-27.71951,0,0
159,00:00:06.622,6.6236,-10.977,30,-0.4100003,0,1250.4,0.959994,0,-72.463,-25.90949,0,0
159,00:00:06.624,6.6252,-10.977,30,-0.4100003,0,1250.4,0.959994,0,-77.9385,-24.108,0,0
159,00:00:06.625,6.6268,-10.977,30,-0.4100003,0,1250.4,0.959994,0,-82.48199,-22.7455,0,0
159,00:00:06.627,6.6284,-10.977,30,-0.2810001,0,1322.4,0.8322486,0,-80.5015,-28.62151,0,0
159,00:00:06.628,6.63,-10.977,30,-0.2810001,0,1322.4,0.8322486,0,-86.55949,-24.5565,0,0
159,00:00:06.630,6.6316,-10.977,30,-0.2810001,0,1322.4,0.8322486,0,-98.559,-21.8435,0,0
159,00:00:06.632,6.6332,-10.977,30,-0.2810001,0,1322.4,0.8322486,0,-110.7915,-22.2985,0,0
159,00:00:06.633,6.6348,-10.977,30,-0.145,0,1394.4,0.8393115,0,-117.0825,-21.3895,0,0
159,00:00:06.635,6.6364,-10.977,30,-0.145,0,1394.4,0.8393115,0,-123.1405,-18.23199,0,0
159,00:00:06.636,6.638,-10.977,30,-0.145,0,1394.4,0.8393115,0,-118.83,-24.556,0,0
159,00:00:06.638,6.6396,-10.977,30,-0.07350016,0,1428.462,0.8357519,0,-110.675,-26.8165,0,0
159,00:00:06.640,6.6412,-10.977,30,-0.002000332,0,1462.523,0.8321924,0,-103.1025,-28.1695,0,0
159,00:00:06.641,6.6428,-10.977,30,-0.002000332,0,1462.523,0.8321924,0,-96.46201,-24.557,0,0
159,00:00:06.643,6.6444,-10.977,30,-0.002000332,0,1462.523,0.8321924,0,-102.1705,-24.103,0,0
159,00:00:06.644,6.646,-10.977,30,0.07249975,0,1479.831,0.795141,0,-91.103,-22.7495,0,0
159,00:00:06.646,6.6476,-10.977,30,0.1469998,0,1497.138,0.7580896,0,-89.5885,-21.8415,0,0
159,00:00:06.648,6.6492,-10.977,30,0.1469998,0,1497.138,0.7580896,0,-91.802,-25.911,0,0
159,00:00:06.649,6.6508,-10.977,30,0.1469998,0,1497.138,0.7580896,0,-98.559,-24.098,0,0
159,00:00:06.651,6.6524,-10.977,30,0.2969999,0,1500,0.861201,0,-104.0345,-23.196,0,0
159,00:00:06.652,6.654,-10.977,30,0.2969999,0,1500,0.861201,0,-85.1615,-25.008,0,0
159,00:00:06.654,6.6556,-10.977,30,0.2969999,0,1500,0.861201,0,-85.511,-23.1995,0,0
160,00:00:06.656,6.6572,-10.977,30,0.2969999,0,1500,0.861201,0,-93.2,-23.653,0,0
160,00:00:06.657,6.6588,-10.977,30,0.447,0,1500,0.7125711,0,-89.3555,-23.1965,0,0
160,00:00:06.659,6.6604,-10.977,30,0.447,0,1500,0.7125711,0,-94.7145,-24.10249,0,0
160,00:00:06.660,6.662,-10.977,30,0.447,0,1500,0.7125711,0,-98.326,-23.6535,0,0
160,00:00:06.662,6.6636,-10.977,30,0.5219998,0,1500,0.7178532,0,-103.8015,-23.6485,0,0
160,00:00:06.664,6.6652,-10.977,30,0.5969996,0,1500,0.7231353,0,-103.452,-17.3295,0,0
160,00:00:06.665,6.6668,-10.977,30,0.5969996,0,1500,0.7231353,0,-105.4325,-20.9345,0,0
160,00:00:06.667,6.6684,-10.977,30,0.5969996,0,1500,0.7231353,0,-110.209,-15.972,0,0
160,00:00:06.668,6.67,-10.977,30,0.6719997,0,1500,0.6668859,0,-118.131,-21.84399,0,0
160,00:00:06.670,6.6716,-10.977,30,0.7469997,0,1500,0.6106365,0,-118.9465,-23.197,0,0
160,00:00:06.672,6.6732,-10.977,30,0.7469997,0,1500,0.6106365,0,-116.966,-20.4945,0,0
160,00:00:06.673,6.6748,-10.977,30,0.7469997,0,1500,0.6106365,0,-118.0145,-23.653,0,0
160,00:00:06.675,6.6764,-10.977,30,0.8969998,0,1500,0.7404536,0,-114.9855,-27.2675,0,0
160,00:00:06.676,6.678,-10.977,30,0.8969998,0,1500,0.7404536,0,-115.4515,-18.6815,0,0
160,00:00:06.678,6.6796,-10.977,30,0.8969998,0,1500,0.7404536,0,-115.2185,-21.84299,0,0
160,00:00:06.680,6.6812,-10.977,30,0.8969998,0,1500,0.7404536,0,-122.092,-21.84499,0,0
160,00:00:06.681,6.6828,-10.977,30,1.047,0,1500,0.9205311,0,-126.519,-25.4545,0,0
160,00:00:06.683,6.6844,-10.977,30,1.047,0,1500,0.9205311,0,-126.053,-20.938,0,0
160,00:00:06.684,6.686,-10.977,30,1.047,0,1500,0.9205311,0,-138.7515,-26.3615,0,0
160,00:00:06.686,6.6876,-10.977,30,1.122,0,1500,0.8272288,0,-147.955,-21.844,0,0
160,00:00:06.688,6.6892,-10.977,30,1.197,0,1500,0.7339265,0,-151.3335,-29.977,0,0
160,00:00:06.689,6.6908,-10.977,30,1.197,0,1500,0.7339265,0,-159.9545,-23.655,0,0
160,00:00:06.691,6.6924,-10.977,30,1.197,0,1500,0.7339265,0,-160.4205,-24.5535,0,0
160,00:00:06.692,6.694,-10.977,30,1.272,0,1500,0.8103783,0,-174.8665,-23.2025,0,0
160,00:00:06.694,6.6956,-10.977,30,1.347,0,1500,0.88683,0,-185.468,-21.84499,0,0
160,00:00:06.696,6.6972,-10.977,30,1.347,0,1500,0.88683,0,-184.8855,-23.6525,0,0
161,00:00:06.697,6.6988,-10.977,30,1.347,0,1500,0.88683,0,-181.3905,-21.845,0,0
161,00:00:06.699,6.7004,-10.977,30,1.497,0,1500,0.8548925,0,-182.905,-20.035,0,0
161,00:00:06.700,6.702,-10.977,30,1.497,0,1500,0.8548925,0,-191.4095,-25.4585,0,0
161,00:00:06.702,6.7036,-10.977,30,1.497,0,1500,0.8548925,0,-190.128,-20.9385,0,0
161,00:00:06.704,6.7052,-10.977,30,1.497,0,1500,0.8548925,0,-189.0795,-24.556,0,0
161,00:00:06.705,6.7068,-10.977,30,1.647,0,1500,0.8805041,0,-187.2155,-22.29649,0,0
161,00:00:06.707,6.7084,-10.977,30,1.647,0,1500,0.8805041,0,-185.934,-26.36,0,0
161,00:00:06.708,6.71,-10.977,30,1.647,0,1500,0.8805041,0,-184.8855,-25.01151,0,0
161,00:00:06.710,6.7116,-10.977,30,1.722,0,1500,0.8966227,0,-193.5065,-23.64799,0,0
161,00:00:06.712,6.7132,-10.977,30,1.797,0,1500,0.9127412,0,-186.5165,-23.65199,0,0
161,00:00:06.713,6.7148,-10.977,30,1.797,0,1500,0.9127412,0,-185.002,-23.64899,0,0
161,00:00:06.715,6.7164,-10.977,30,1.797,0,1500,0.9127412,0,-186.5165,-21.842,0,0
161,00:00:06.716,6.718,-10.977,30,1.872,0,1500,0.8688232,0,-187.332,-23.196,0,0
161,00:00:06.718,6.7196,-10.977,30,1.947,0,1500,0.8249052,0,-187.798,-16.874,0,0
161,00:00:06.720,6.7212,-10.977,30,1.947,0,1500,0.8249052,0,-176.148,-19.5825,0,0
161,00:00:06.721,6.7228,-10.977,30,1.947,0,1500,0.8249052,0,-179.7595,-15.0715,0,0
161,00:00:06.723,6.7244,-10.977,30,2.097,0,1500,0.7977441,0,-180.109,-21.8455,0,0
161,00:00:06.724,6.726,-10.977,30,2.097,0,1500,0.7977441,0,-184.07,-19.58749,0,0
161,00:00:06.726,6.7276,-10.977,30,2.097,0,1500,0.7977441,0,-187.9145,-23.6545,0,0
161,00:00:06.728,6.7292,-10.977,30,2.097,0,1500,0.7977441,0,-190.7105,-18.686,0,0
161,00:00:06.729,6.7308,-10.977,30,2.247,0,1500,0.7408756,0,-190.827,-21.395,0,0
161,00:00:06.731,6.7324,-10.977,30,2.247,0,1500,0.7408756,0,-188.8465,-18.681,0,0
161,00:00:06.732,6.734,-10.977,30,2.247,0,1500,0.7408756,0,-192.3415,-19.586,0,0
161,00:00:06.734,6.7356,-10.977,30,2.322,0,1500,0.7769451,0,-194.788,-16.8745,0,0
161,00:00:06.736,6.7372,-10.977,30,2.397,0,1500,0.8130146,0,-194.555,-18.6815,0,0
161,00:00:06.737,6.7388,-10.977,30,2.397,0,1500,0.8130146,0,-209.234,-15.9745,0,0
162,00:00:06.739,6.7404,-10.977,30,2.397,0,1500,0.8130146,0,-218.554,-19.133,0,0
162,00:00:06.740,6.742,-10.977,30,2.472,0,1500,0.8989494,0,-221.9325,-19.1395,0,0
162,00:00:06.742,6.7436,-10.977,30,2.547,0,1500,0.9848841,0,-231.136,-18.2285,0,0
162,00:00:06.744,6.7452,-10.977,30,2.547,0,1500,0.9848841,0,-246.281,-18.6865,0,0
162,00:00:06.745,6.7468,-10.977,30,2.547,0,1500,0.9848841,0,-252.9215,-22.748,0,0
162,00:00:06.747,6.7484,-10.977,30,2.697,0,1500,0.9085432,0,-259.6785,-17.7795,0,0
162,00:00:06.748,6.75,-10.977,30,2.697,0,1500,0.9085432,0,-269.115,-22.298,0,0
162,00:00:06.750,6.7516,-10.977,30,2.697,0,1500,0.9085432,0,-277.27,-17.7785,0,0
162,00:00:06.752,6.7532,-10.977,30,2.697,0,1500,0.9085432,0,-289.0365,-24.105,0,0
162,00:00:06.753,6.7548,-10.977,30,2.847,0,1500,0.984333,0,-293.347,-17.328,0,0
162,00:00:06.755,6.7564,-10.977,30,2.847,0,1500,0.984333,0,-299.7545,-23.2,0,0
162,00:00:06.756,6.758,-10.977,30,2.847,0,1500,0.984333,0,-306.628,-19.58549,0,0
162,00:00:06.758,6.7596,-10.977,30,2.922,0,1500,0.9912533,0,-314.084,-19.5845,0,0
162,00:00:06.760,6.7612,-10.977,30,2.997,0,1500,0.9981735,0,-319.443,-19.58649,0,0
162,00:00:06.761,6.7628,-10.977,30,2.997,0,1500,0.9981735,0,-329.462,-23.198,0,0
162,00:00:06.763,6.7644,-10.977,30,2.997,0,1500,0.9981735,0,-339.481,-19.1315,0,0
162,00:00:06.764,6.766,-10.977,30,3.072,0,1500,0.9456599,0,-350.5485,-27.7145,0,0
162,00:00:06.766,6.7676,-10.977,30,3.147,0,1500,0.8931463,0,-353.228,-18.2285,0,0
162,00:00:06.768,6.7692,-10.977,30,3.147,0,1500,0.8931463,0,-363.014,-22.7455,0,0
162,00:00:06.769,6.7708,-10.977,30,3.147,0,1500,0.8931463,0,-368.0235,-19.133,0,0
162,00:00:06.771,6.7724,-10.977,30,3.296999,0,1500,1.000352,0,-371.9845,-25,0,0
162,00:00:06.772,6.774,-10.977,30,3.296999,0,1500,1.000352,0,-382.586,-21.845,0,0
162,00:00:06.774,6.7756,-10.977,30,3.296999,0,1500,1.000352,0,-392.0225,-23.6485,0,0
162,00:00:06.776,6.7772,-10.977,30,3.296999,0,1500,1.000352,0,-402.9735,-21.3935,0,0
162,00:00:06.777,6.7788,-10.977,30,3.447,0,1500,0.9181241,0,-411.012,-22.295,0,0
162,00:00:06.779,6.7804,-10.977,30,3.447,0,1500,0.9181241,0,-417.536,-17.3275,0,0
163,00:00:06.780,6.782,-10.977,30,3.447,0,1500,0.9181241,0,-429.0695,-25.4595,0,0
163,00:00:06.782,6.7836,-10.977,30,3.522,0,1500,0.9246405,0,-426.5065,-24.103,0,0
163,00:00:06.784,6.7852,-10.977,30,3.597,0,1500,0.931157,0,-432.215,-27.71951,0,0
163,00:00:06.785,6.7868,-10.977,30,3.597,0,1500,0.931157,0,-441.8845,-26.8135,0,0
163,00:00:06.787,6.7884,-10.977,30,3.597,0,1500,0.931157,0,-446.428,-19.132,0,0
163,00:00:06.788,6.79,-10.977,30,3.672,0,1500,0.9008816,0,-462.8545,-22.748,0,0
163,00:00:06.790,6.7916,-10.977,30,3.747,0,1500,0.8706064,0,-469.6115,-27.2615,0,0
163,00:00:06.792,6.7932,-10.977,30,3.747,0,1500,0.8706064,0,-484.174,-21.8445,0,0
163,00:00:06.793,6.7948,-10.977,30,3.747,0,1500,0.8706064,0,-496.4065,-22.748,0,0
163,00:00:06.795,6.7964,-10.977,30,3.897,0,1500,0.9530483,0,-516.095,-16.428,0,0
163,00:00:06.796,6.798,-10.977,30,3.897,0,1500,0.9530483,0,-532.2885,-22.7495,0,0
163,00:00:06.798,6.7996,-10.977,30,3.897,0,1500,0.9530483,0,-550.4625,-22.751,0,0
163,00:00:06.800,6.8012,-10.977,30,3.897,0,1500,0.9530483,0,-581.102,-29.9765,0,0
163,00:00:06.801,6.8028,-10.977,30,4.046999,0,1500,1.087972,0,-613.7219,-26.814,0,0
163,00:00:06.803,6.8044,-10.977,30,4.046999,0,1500,1.087972,0,-641.7985,-28.1685,0,0
163,00:00:06.804,6.806,-10.977,30,4.046999,0,1500,1.087972,0,-670.574,-22.296,0,0
163,00:00:06.806,6.8076,-10.977,30,4.122,0,1500,1.003284,0,-694.806,-26.8115,0,0
163,00:00:06.808,6.8092,-10.977,30,4.197,0,1500,0.9185969,0,-712.98,-25.4565,0,0
163,00:00:06.809,6.8108,-10.977,30,4.197,0,1500,0.9185969,0,-732.319,-31.331,0,0
163,00:00:06.811,6.8124,-10.977,30,4.197,0,1500,0.9185969,0,-746.8815,-25.0025,0,0
163,00:00:06.812,6.814,-10.977,30,4.272,0,1500,0.9650623,0,-767.3855,-27.2675,0,0
163,00:00:06.814,6.8156,-10.977,30,4.347,0,1500,1.011528,0,-789.404,-25.914,0,0
163,00:00:06.816,6.8172,-10.977,30,4.347,0,1500,1.011528,0,-796.9764,-28.6235,0,0
163,00:00:06.817,6.8188,-10.977,30,4.347,0,1500,1.011528,0,-791.1515,-25.0105,0,0
163,00:00:06.819,6.8204,-10.977,30,4.497,0,1500,0.8981876,0,-792.0835,-34.03951,0,0
163,00:00:06.820,6.822,-10.977,30,4.497,0,1500,0.8981876,0,-801.287,-28.626,0,0
164,00:00:06.822,6.8236,-10.977,30,4.497,0,1500,0.8981876,0,-815.3835,-29.0695,0,0
164,00:00:06.824,6.8252,-10.977,30,4.497,0,1500,0.8981876,0,-837.868,-22.29749,0,0
164,00:00:06.825,6.8268,-10.977,30,4.647,0,1500,0.8298351,0,-856.275,-27.7145,0,0
164,00:00:06.827,6.8284,-10.977,30,4.647,0,1500,0.8298351,0,-877.7109,-21.84399,0,0
164,00:00:06.828,6.83,-10.977,30,4.647,0,1500,0.8298351,0,-895.3025,-29.5235,0,0
164,00:00:06.830,6.8316,-10.977,30,4.722,0,1500,0.8780385,0,-904.739,-25.4585,0,0
164,00:00:06.832,6.8332,-10.977,30,4.796999,0,1500,0.9262419,0,-924.544,-31.7845,0,0
164,00:00:06.833,6.8348,-10.977,30,4.796999,0,1500,0.9262419,0,-932.233,-26.816,0,0
164,00:00:06.835,6.8364,-10.977,30,4.796999,0,1500,0.9262419,0,-946.7955,-29.06999,0,0
164,00:00:06.836,6.838,-10.977,30,4.872,0,1500,0.8712205,0,-974.5225,-23.6505,0,0
164,00:00:06.838,6.8396,-10.977,30,4.947,0,1500,0.8161991,0,-1004.929,-25.0055,0,0
164,00:00:06.840,6.8412,-10.977,30,4.947,0,1500,0.8161991,0,-1023.453,-24.5535,0,0
164,00:00:06.841,6.8428,-10.977,30,4.947,0,1500,0.8161991,0,-1041.743,-26.813,0,0
164,00:00:06.843,6.8444,-10.977,30,5.097,0,1500,0.8330474,0,-1065.159,-26.3635,0,0
164,00:00:06.844,6.846,-10.977,30,5.097,0,1500,0.8330474,0,-1090.207,-30.429,0,0
164,00:00:06.846,6.8476,-10.977,30,5.097,0,1500,0.8330474,0,-1114.555,-22.2985,0,0
164,00:00:06.848,6.8492,-10.977,30,5.097,0,1500,0.8330474,0,-1139.021,-25.4585,0,0
164,00:00:06.849,6.8508,-10.977,30,5.247,0,1500,0.8207073,0,-1170.941,-21.3995,0,0
164,00:00:06.851,6.8524,-10.977,30,5.247,0,1500,0.8207073,0,-1197.736,-27.7145,0,0
164,00:00:06.852,6.854,-10.977,30,5.247,0,1500,0.8207073,0,-1243.288,-23.203,0,0
164,00:00:06.854,6.8556,-10.977,30,5.322,0,1500,0.8441804,0,-1302.819,-28.6225,0,0
164,00:00:06.856,6.8572,-10.977,30,5.397,0,1500,0.8676535,0,-1361.419,-25.46201,0,0
164,00:00:06.857,6.8588,-10.977,30,5.397,0,1500,0.8676535,0,-1406.038,-25.4585,0,0
164,00:00:06.859,6.8604,-10.977,30,5.397,0,1500,0.8676535,0,-1432.601,-25.909,0,0
164,00:00:06.860,6.862,-10.977,30,5.472,0,1500,0.9470686,0,-1448.911,-32.6905,0,0
164,00:00:06.862,6.8636,-10.977,30,5.546999,0,1500,1.026484,0,-1452.056,-21.391,0,0
165,00:00:06.864,6.8652,-10.977,30,5.546999,0,1500,1.026484,0,-1457.066,-29.07201,0,0
165,00:00:06.865,6.8668,-10.977,30,5.546999,0,1500,1.026484,0,-1438.309,-23.6505,0,0
165,00:00:06.867,6.8684,-10.977,30,5.697,0,1500,1.007596,0,-1396.252,-21.391,0,0
165,00:00:06.868,6.87,-10.977,30,5.697,0,1500,1.007596,0,-1376.331,-18.233,0,0
165,00:00:06.870,6.8716,-10.977,30,5.697,0,1500,1.007596,0,-1362.234,-27.2645,0,0
165,00:00:06.872,6.8732,-10.977,30,5.697,0,1500,1.007596,0,-1351.516,-20.494,0,0
165,00:00:06.873,6.8748,-10.977,30,5.847,0,1500,1.024708,0,-1344.876,-31.331,0,0
165,00:00:06.875,6.8764,-10.977,30,5.847,0,1500,1.024708,0,-1341.148,-21.3955,0,0
165,00:00:06.876,6.878,-10.977,30,5.847,0,1500,1.024708,0,-1335.906,-29.0715,0,0
165,00:00:06.878,6.8796,-10.977,30,5.922,0,1500,0.9678903,0,-1337.303,-25.007,0,0
165,00:00:06.880,6.8812,-10.977,30,5.997,0,1500,0.9110727,0,-1325.654,-28.1665,0,0
165,00:00:06.881,6.8828,-10.977,30,5.997,0,1500,0.9110727,0,-1308.062,-25.457,0,0
165,00:00:06.883,6.8844,-10.977,30,5.997,0,1500,0.9110727,0,-1331.595,-27.2615,0,0
165,00:00:06.884,6.886,-10.977,30,6.072,0,1500,0.8740459,0,-1328.333,-32.23,0,0
165,00:00:06.886,6.8876,-10.977,30,6.147,0,1500,0.8370191,0,-1324.372,-27.264,0,0
165,00:00:06.888,6.8892,-10.977,30,6.147,0,1500,0.8370191,0,-1331.129,-25.91,0,0
165,00:00:06.889,6.8908,-10.977,30,6.147,0,1500,0.8370191,0,-1344.876,-28.624,0,0
165,00:00:06.891,6.8924,-10.977,30,6.296999,0,1500,0.8898651,0,-1340.915,-28.61549,0,0
165,00:00:06.892,6.894,-10.977,30,6.296999,0,1500,0.8898651,0,-1351.516,-26.8155,0,0
165,00:00:06.894,6.8956,-10.977,30,6.296999,0,1500,0.8898651,0,-1362.351,-30.426,0,0
165,00:00:06.896,6.8972,-10.977,30,6.296999,0,1500,0.8898651,0,-1374.001,-26.81249,0,0
165,00:00:06.897,6.8988,-10.977,30,6.447,0,1500,0.7615525,0,-1384.136,-26.81001,0,0
165,00:00:06.899,6.9004,-10.977,30,6.447,0,1500,0.7615525,0,-1391.942,-23.6465,0,0
165,00:00:06.900,6.902,-10.977,30,6.447,0,1500,0.7615525,0,-1404.291,-24.1065,0,0
165,00:00:06.902,6.9036,-10.977,30,6.522,0,1500,0.7801421,0,-1411.63,-26.81149,0,0
165,00:00:06.904,6.9052,-10.977,30,6.597,0,1500,0.7987316,0,-1406.505,-25.46,0,0
166,00:00:06.905,6.9068,-10.977,30,6.597,0,1500,0.7987316,0,-1395.67,-25.01,0,0
166,00:00:06.907,6.9084,-10.977,30,6.597,0,1500,0.7987316,0,-1394.039,-23.654,0,0
166,00:00:06.908,6.91,-10.977,30,6.672,0,1500,0.7980318,0,-1401.495,-25.4615,0,0
166,00:00:06.910,6.9116,-10.977,30,6.747,0,1500,0.797332,0,-1427.591,-28.6175,0,0
166,00:00:06.912,6.9132,-10.977,30,6.747,0,1500,0.797332,0,-1441.571,-25.0085,0,0
166,00:00:06.913,6.9148,-10.977,30,6.747,0,1500,0.797332,0,-1437.028,-27.7165,0,0
166,00:00:06.915,6.9164,-10.977,30,6.897,0,1500,0.841239,0,-1436.095,-21.395,0,0
166,00:00:06.916,6.918,-10.977,30,6.897,0,1500,0.841239,0,-1439.823,-20.036,0,0
166,00:00:06.918,6.9196,-10.977,30,6.897,0,1500,0.841239,0,-1435.513,-22.747,0,0
166,00:00:06.920,6.9212,-10.977,30,6.897,0,1500,0.841239,0,-1427.707,-25.9105,0,0
166,00:00:06.921,6.9228,-10.977,30,7.046999,0,1500,1.062617,0,-1423.513,-21.395,0,0
166,00:00:06.923,6.9244,-10.977,30,7.046999,0,1500,1.062617,0,-1403.475,-23.201,0,0
166,00:00:06.924,6.926,-10.977,30,7.046999,0,1500,1.062617,0,-1396.136,-24.103,0,0
166,00:00:06.926,6.9276,-10.977,30,7.122,0,1500,1.047961,0,-1395.786,-25.914,0,0
166,00:00:06.928,6.9292,-10.977,30,7.197,0,1500,1.033304,0,-1386.816,-25.4595,0,0
166,00:00:06.929,6.9308,-10.977,30,7.197,0,1500,1.033304,0,-1388.33,-25.012,0,0
166,00:00:06.931,6.9324,-10.977,30,7.197,0,1500,1.033304,0,-1381.69,-22.744,0,0
166,00:00:06.932,6.934,-10.977,30,7.272,0,1500,1.046818,0,-1363.283,-22.7495,0,0
166,00:00:06.934,6.9356,-10.977,30,7.347,0,1500,1.060332,0,-1370.04,-23.198,0,0
166,00:00:06.936,6.9372,-10.977,30,7.347,0,1500,1.060332,0,-1372.953,-22.296,0,0
166,00:00:06.937,6.9388,-10.977,30,7.347,0,1500,1.060332,0,-1379.127,-21.84451,0,0
166,00:00:06.939,6.9404,-10.977,30,7.497,0,1500,1.000712,0,-1376.914,-21.84299,0,0
166,00:00:06.940,6.942,-10.977,30,7.497,0,1500,1.000712,0,-1388.214,-17.3305,0,0
166,00:00:06.942,6.9436,-10.977,30,7.497,0,1500,1.000712,0,-1391.942,-18.679,0,0
166,00:00:06.944,6.9452,-10.977,30,7.497,0,1500,1.000712,0,-1396.136,-20.0395,0,0
166,00:00:06.945,6.9468,-10.977,30,7.647,0,1500,0.9496197,0,-1396.019,-24.1025,0,0
167,00:00:06.947,6.9484,-10.977,30,7.647,0,1500,0.9496197,0,-1370.04,-23.651,0,0
167,00:00:06.948,6.95,-10.977,30,7.647,0,1500,0.9496197,0,-1368.525,-20.4885,0,0
167,00:00:06.950,6.9516,-10.977,30,7.722,0,1500,0.9705036,0,-1384.603,-17.324,0,0
167,00:00:06.952,6.9532,-10.977,30,7.796999,0,1500,0.9913875,0,-1411.514,-18.23,0,0
167,00:00:06.953,6.9548,-10.977,30,7.796999,0,1500,0.9913875,0,-1451.007,-23.1985,0,0
167,00:00:06.955,6.9564,-10.977,30,7.796999,0,1500,0.9913875,0,-1464.055,-20.49,0,0
167,00:00:06.956,6.958,-10.977,30,7.872,0,1500,0.9656074,0,-1467.318,-21.391,0,0
167,00:00:06.958,6.9596,-10.977,30,7.947,0,1500,0.9398273,0,-1442.853,-18.68,0,0
167,00:00:06.960,6.9612,-10.977,30,7.947,0,1500,0.9398273,0,-1448.91,-17.778,0,0
167,00:00:06.961,6.9628,-10.977,30,7.947,0,1500,0.9398273,0,-1474.307,-23.6515,0,0
167,00:00:06.963,6.9644,-10.977,30,8.097,0,1500,1.018738,0,-1469.764,-25.457,0,0
167,00:00:06.964,6.966,-10.977,30,8.097,0,1500,1.018738,0,-1455.318,-23.197,0,0
167,00:00:06.966,6.9676,-10.977,30,8.097,0,1500,1.018738,0,-1423.281,-20.49,0,0
167,00:00:06.968,6.9692,-10.977,30,8.097,0,1500,1.018738,0,-1400.563,-18.2275,0,0
167,00:00:06.969,6.9708,-10.977,30,8.247,0,1500,0.9425848,0,-1386.466,-23.65199,0,0
167,00:00:06.971,6.9724,-10.977,30,8.247,0,1500,0.9425848,0,-1339.75,-25.906,0,0
167,00:00:06.972,6.974,-10.977,30,8.247,0,1500,0.9425848,0,-1325.886,-19.5875,0,0
167,00:00:06.974,6.9756,-10.977,30,8.322,0,1500,0.9633622,0,-1287.325,-18.682,0,0
167,00:00:06.976,6.9772,-10.977,30,8.396999,0,1500,0.9841397,0,-1250.161,-16.422,0,0
167,00:00:06.977,6.9788,-10.977,30,8.396999,0,1500,0.9841397,0,-1212.765,-18.23199,0,0
167,00:00:06.979,6.9804,-10.977,30,8.396999,0,1500,0.9841397,0,-1163.719,-23.6525,0,0
167,00:00:06.980,6.982,-10.977,30,8.471999,0,1500,1.057768,0,-1143.564,-29.077,0,0
167,00:00:06.982,6.9836,-10.977,30,8.546999,0,1500,1.131397,0,-1117.468,-21.8455,0,0
167,00:00:06.984,6.9852,-10.977,30,8.546999,0,1500,1.131397,0,-1109.197,-19.137,0,0
167,00:00:06.985,6.9868,-10.977,30,8.546999,0,1500,1.131397,0,-1092.537,-22.748,0,0
167,00:00:06.987,6.9884,-10.977,30,8.697001,0,1500,1.060183,0,-1080.188,-21.844,0,0
168,00:00:06.988,6.99,-10.977,30,8.697001,0,1500,1.060183,0,-1046.17,-21.84399,0,0
168,00:00:06.990,6.9916,-10.977,30,8.697001,0,1500,1.060183,0,-1032.656,-25.45399,0,0
168,00:00:06.992,6.9932,-10.977,30,8.697001,0,1500,1.060183,0,-1014.831,-19.5845,0,0
168,00:00:06.993,6.9948,-10.977,30,8.847,0,1500,1.123878,0,-1006.677,-21.39,0,0
168,00:00:06.995,6.9964,-10.977,30,8.847,0,1500,1.123878,0,-1006.094,-24.1025,0,0
168,00:00:06.996,6.998,-10.977,30,8.847,0,1500,1.123878,0,-995.0265,-25.00549,0,0
168,00:00:06.998,6.9996,-10.977,30,8.922,0,1500,1.018863,0,-973.474,-25.9125,0,0
168,00:00:07.000,7.0012,-10.977,30,8.997,0,1500,0.9138478,0,-943.9995,-25.4615,0,0
168,00:00:07.001,7.0028,-10.977,30,8.997,0,1500,0.9138478,0,-937.7085,-24.5565,0,0
168,00:00:07.003,7.0044,-10.977,30,8.997,0,1500,0.9138478,0,-934.563,-25.4565,0,0
168,00:00:07.004,7.006,-10.977,30,9.072,0,1500,0.8688974,0,-926.408,-26.3575,0,0
168,00:00:07.006,7.0076,-10.977,30,9.146999,0,1500,0.8239471,0,-923.146,-26.81149,0,0
168,00:00:07.008,7.0092,-10.977,30,9.146999,0,1500,0.8239471,0,-921.515,-23.6475,0,0
168,00:00:07.009,7.0108,-10.977,30,9.146999,0,1500,0.8239471,0,-903.9235,-25.91,0,0
168,00:00:07.011,7.0124,-10.977,30,9.296999,0,1500,0.8429539,0,-896.584,-23.195,0,0
168,00:00:07.012,7.014,-10.977,30,9.296999,0,1500,0.8429539,0,-883.8855,-22.7485,0,0
168,00:00:07.014,7.0156,-10.977,30,9.296999,0,1500,0.8429539,0,-872.818,-26.3635,0,0
168,00:00:07.016,7.0172,-10.977,30,9.296999,0,1500,0.8429539,0,-856.3915,-24.1035,0,0
168,00:00:07.017,7.0188,-10.977,30,9.447001,0,1500,0.723301,0,-854.7605,-22.749,0,0
168,00:00:07.019,7.0204,-10.977,30,9.447001,0,1500,0.723301,0,-856.1584,-25.4555,0,0
168,00:00:07.020,7.022,-10.977,30,9.447001,0,1500,0.723301,0,-851.9645,-23.20251,0,0
168,00:00:07.022,7.0236,-10.977,30,9.522,0,1500,0.7525828,0,-842.1785,-26.8075,0,0
168,00:00:07.024,7.0252,-10.977,30,9.597,0,1500,0.7818646,0,-833.3245,-25.913,0,0
168,00:00:07.025,7.0268,-10.977,30,9.597,0,1500,0.7818646,0,-830.645,-20.4895,0,0
168,00:00:07.027,7.0284,-10.977,30,9.597,0,1500,0.7818646,0,-817.2474,-19.58549,0,0
168,00:00:07.028,7.03,-10.977,30,9.672,0,1500,0.7484763,0,-807.6945,-21.3925,0,0
169,00:00:07.030,7.0316,-10.977,30,9.747,0,1500,0.7150881,0,-797.792,-20.0355,0,0
169,00:00:07.032,7.0332,-10.977,30,9.747,0,1500,0.7150881,0,-797.6755,-19.59151,0,0
169,00:00:07.033,7.0348,-10.977,30,9.747,0,1500,0.7150881,0,-790.569,-18.2305,0,0
169,00:00:07.035,7.0364,-10.977,30,9.896999,0,1500,0.7880202,0,-764.1235,-19.5875,0,0
169,00:00:07.036,7.038,-10.977,30,9.896999,0,1500,0.7880202,0,-734.5325,-24.101,0,0
169,00:00:07.038,7.0396,-10.977,30,9.896999,0,1500,0.7880202,0,-722.999,-27.2645,0,0
169,00:00:07.040,7.0412,-10.977,30,9.896999,0,1500,0.7880202,0,-706.223,-20.9415,0,0
169,00:00:07.041,7.0428,-10.977,30,10.047,0,1500,1.058291,0,-686.0685,-18.683,0,0
169,00:00:07.043,7.0444,-10.977,30,10.047,0,1500,1.058291,0,-672.5544,-15.96851,0,0
169,00:00:07.044,7.046,-10.977,30,10.047,0,1500,1.058291,0,-638.886,-18.6825,0,0
169,00:00:07.046,7.0476,-10.977,30,10.122,0,1500,0.9891088,0,-621.644,-20.942,0,0
169,00:00:07.048,7.0492,-10.977,30,10.197,0,1500,0.9199266,0,-590.888,-23.65199,0,0
169,00:00:07.049,7.0508,-10.977,30,10.197,0,1500,0.9199266,0,-551.3945,-13.263,0,0
169,00:00:07.051,7.0524,-10.977,30,10.197,0,1500,0.9199266,0,-520.8715,-15.5195,0,0
169,00:00:07.052,7.054,-10.977,30,10.272,0,1499.446,0.9396943,0,-490.8145,-17.3305,0,0
169,00:00:07.054,7.0556,-10.977,30,10.347,0,1498.892,0.9594619,0,-457.4955,-20.0365,0,0
169,00:00:07.056,7.0572,-10.977,30,10.347,0,1498.892,0.9594619,0,-418.8175,-21.3935,0,0
169,00:00:07.057,7.0588,-10.977,30,10.347,0,1498.892,0.9594619,0,-386.547,-23.651,0,0
169,00:00:07.059,7.0604,-10.977,30,10.495,0,1468.431,0.8517367,0,-360.3345,-15.973,0,0
169,00:00:07.060,7.062,-10.977,30,10.495,0,1468.431,0.8517367,0,-333.3065,-21.84399,0,0
169,00:00:07.062,7.0636,-10.977,30,10.495,0,1468.431,0.8517367,0,-296.7255,-21.391,0,0
169,00:00:07.064,7.0652,-10.977,30,10.495,0,1468.431,0.8517367,0,-268.2995,-17.3255,0,0
169,00:00:07.065,7.0668,-10.977,30,10.639,0,1401.6,0.7490561,0,-251.9895,-15.97,0,0
169,00:00:07.067,7.0684,-10.977,30,10.639,0,1401.6,0.7490561,0,-236.262,-14.61401,0,0
169,00:00:07.068,7.07,-10.977,30,10.639,0,1401.6,0.7490561,0,-199.3315,-21.39,0,0
169,00:00:07.070,7.0716,-10.977,30,10.707,0,1365.6,0.8008298,0,-186.633,-15.0665,0,0
170,00:00:07.072,7.0732,-10.977,30,10.775,0,1329.6,0.8526035,0,-163.9155,-20.488,0,0
170,00:00:07.073,7.0748,-10.977,30,10.775,0,1329.6,0.8526035,0,-150.4015,-18.229,0,0
170,00:00:07.075,7.0764,-10.977,30,10.775,0,1329.6,0.8526035,0,-128.4995,-20.488,0,0
170,00:00:07.076,7.078,-10.977,30,10.8395,0,1293.6,0.7415961,0,-119.8785,-18.6785,0,0
170,00:00:07.078,7.0796,-10.977,30,10.904,0,1257.6,0.6305887,0,-101.122,-15.52,0,0
170,00:00:07.080,7.0812,-10.977,30,10.904,0,1257.6,0.6305887,0,-91.6855,-20.036,0,0
170,00:00:07.081,7.0828,-10.977,30,10.904,0,1257.6,0.6305887,0,-75.95799,-14.16351,0,0
170,00:00:07.083,7.0844,-10.977,30,11.026,0,1185.6,0.7639886,0,-65.3565,-19.5855,0,0
170,00:00:07.084,7.086,-10.977,30,11.026,0,1185.6,0.7639886,0,-61.279,-19.1355,0,0
170,00:00:07.086,7.0876,-10.977,30,11.026,0,1185.6,0.7639886,0,-51.726,-21.8425,0,0
170,00:00:07.088,7.0892,-10.977,30,11.026,0,1185.6,0.7639886,0,-52.192,-15.52,0,0
170,00:00:07.089,7.0908,-10.977,30,11.141,0,1113.6,0.629782,0,-48.3475,-17.3255,0,0
170,00:00:07.091,7.0924,-10.977,30,11.141,0,1113.6,0.629782,0,-37.8625,-15.072,0,0
170,00:00:07.092,7.094,-10.977,30,11.141,0,1113.6,0.629782,0,-36.115,-17.327,0,0
170,00:00:07.094,7.0956,-10.977,30,11.195,0,1077.6,0.7198457,0,-26.329,-16.87749,0,0
170,00:00:07.096,7.0972,-10.977,30,11.249,0,1041.6,0.8099094,0,-15.4945,-17.7795,0,0
170,00:00:07.097,7.0988,-10.977,30,11.249,0,1041.6,0.8099094,0,-22.834,-15.9735,0,0
170,00:00:07.099,7.1004,-10.977,30,11.249,0,1041.6,0.8099094,0,-16.077,-21.392,0,0
170,00:00:07.100,7.102,-10.977,30,11.299,0,1005.6,0.9436721,0,-17.8245,-17.78049,0,0
170,00:00:07.102,7.1036,-10.977,30,11.349,0,969.6003,1.077435,0,-14.213,-20.487,0,0
170,00:00:07.104,7.1052,-10.977,30,11.349,0,969.6003,1.077435,0,-16.077,-19.137,0,0
170,00:00:07.105,7.1068,-10.977,30,11.349,0,969.6003,1.077435,0,-15.0285,-21.8465,0,0
170,00:00:07.107,7.1084,-10.977,30,11.442,0,897.6002,0.9795278,0,-15.9605,-15.5185,0,0
170,00:00:07.108,7.11,-10.977,30,11.442,0,897.6002,0.9795278,0,-15.145,-18.23299,0,0
170,00:00:07.110,7.1116,-10.977,30,11.442,0,897.6002,0.9795278,0,-16.1935,-18.685,0,0
170,00:00:07.112,7.1132,-10.977,30,11.442,0,897.6002,0.9795278,0,-13.514,-16.878,0,0
171,00:00:07.113,7.1148,-10.977,30,11.528,0,825.6002,1.031715,0,-17.5915,-15.9745,0,0
171,00:00:07.115,7.1164,-10.977,30,11.528,0,825.6002,1.031715,0,-16.776,-17.7785,0,0
171,00:00:07.116,7.118,-10.977,30,11.528,0,825.6002,1.031715,0,-14.912,-14.169,0,0
171,00:00:07.118,7.1196,-10.977,30,11.5675,0,789.6002,0.9728101,0,-7.5725,-17.325,0,0
171,00:00:07.120,7.1212,-10.977,30,11.607,0,753.6002,0.9139053,0,-10.6015,-18.23351,0,0
171,00:00:07.121,7.1228,-10.977,30,11.607,0,753.6002,0.9139053,0,-1.980499,-20.93999,0,0
171,00:00:07.123,7.1244,-10.977,30,11.607,0,753.6002,0.9139053,0,-3.961,-17.32899,0,0
171,00:00:07.124,7.126,-10.977,30,11.6425,0,717.6002,0.8777688,0,1.864,-18.6825,0,0
171,00:00:07.126,7.1276,-10.977,30,11.678,0,681.6003,0.8416322,0,2.679501,-16.4205,0,0
171,00:00:07.128,7.1292,-10.977,30,11.678,0,681.6003,0.8416322,0,-0.9319992,-14.6155,0,0
171,00:00:07.129,7.1308,-10.977,30,11.678,0,681.6003,0.8416322,0,-7.1065,-14.6125,0,0
171,00:00:07.131,7.1324,-10.977,30,11.742,0,609.6003,0.9107795,0,-4.427001,-16.4195,0,0
171,00:00:07.132,7.134,-10.977,30,11.742,0,609.6003,0.9107795,0,-5.125998,-11.457,0,0
171,00:00:07.134,7.1356,-10.977,30,11.742,0,609.6003,0.9107795,0,-9.786001,-17.323,0,0
171,00:00:07.136,7.1372,-10.977,30,11.742,0,609.6003,0.9107795,0,-5.0095,-17.3275,0,0
171,00:00:07.137,7.1388,-10.977,30,11.8,0,537.6003,0.7265294,0,-7.922,-17.7795,0,0
171,00:00:07.139,7.1404,-10.977,30,11.8,0,537.6003,0.7265294,0,-11.417,-14.61401,0,0
171,00:00:07.140,7.142,-10.977,30,11.8,0,537.6003,0.7265294,0,-10.485,-15.0695,0,0
171,00:00:07.142,7.1436,-10.977,30,11.825,0,501.6002,0.7449302,0,-11.184,-10.0955,0,0
171,00:00:07.144,7.1452,-10.977,30,11.85,0,465.6002,0.763331,0,-15.7275,-15.52299,0,0
171,00:00:07.145,7.1468,-10.977,30,11.85,0,465.6002,0.763331,0,-12.4655,-7.844002,0,0
171,00:00:07.147,7.1484,-10.977,30,11.85,0,465.6002,0.763331,0,-13.8635,-14.613,0,0
171,00:00:07.148,7.15,-10.977,30,11.871,0,429.6002,0.7231402,0,-16.4265,-12.361,0,0
171,00:00:07.150,7.1516,-10.977,30,11.892,0,393.6003,0.6829494,0,-16.6595,-14.616,0,0
171,00:00:07.152,7.1532,-10.977,30,11.892,0,393.6003,0.6829494,0,-17.8245,-14.6165,0,0
171,00:00:07.153,7.1548,-10.977,30,11.892,0,393.6003,0.6829494,0,-18.873,-13.264,0,0
172,00:00:07.155,7.1564,-10.977,30,11.928,0,321.6003,0.7951284,0,-17.475,-9.646507,0,0
172,00:00:07.156,7.158,-10.977,30,11.928,0,321.6003,0.7951284,0,-20.6205,-11.911,0,0
172,00:00:07.158,7.1596,-10.977,30,11.928,0,321.6003,0.7951284,0,-19.572,-12.359,0,0
172,00:00:07.160,7.1612,-10.977,30,11.928,0,321.6003,0.7951284,0,-23.1835,-15.5185,0,0
172,00:00:07.161,7.1628,-10.977,30,11.956,0,249.6002,1.0756,0,-19.805,-12.813,0,0
172,00:00:07.163,7.1644,-10.977,30,11.956,0,249.6002,1.0756,0,-24.698,-16.4195,0,0
172,00:00:07.164,7.166,-10.977,30,11.956,0,249.6002,1.0756,0,-22.368,-14.622,0,0
172,00:00:07.166,7.1676,-10.977,30,11.9665,0,213.6002,1.036378,0,-20.504,-13.707,0,0
172,00:00:07.168,7.1692,-10.977,30,11.977,0,177.6002,0.9971554,0,-21.0865,-12.8105,0,0
172,00:00:07.169,7.1708,-10.977,30,11.977,0,177.6002,0.9971554,0,-19.4555,-16.876,0,0
172,00:00:07.171,7.1724,-10.977,30,11.977,0,177.6002,0.9971554,0,-15.7275,-14.6155,0,0
172,00:00:07.172,7.174,-10.977,30,11.984,0,141.6002,1.043796,0,-9.553,-16.877,0,0
172,00:00:07.174,7.1756,-10.977,30,11.991,0,105.6002,1.090436,0,-1.9805,-12.809,0,0
172,00:00:07.176,7.1772,-10.977,30,11.991,0,105.6002,1.090436,0,5.591999,-18.231,0,0
172,00:00:07.177,7.1788,-10.977,30,11.991,0,105.6002,1.090436,0,13.1645,-12.80901,0,0
172,00:00:07.179,7.1804,-10.977,30,11.998,0,37.47706,0.9222178,0,17.3585,-16.42001,0,0
172,00:00:07.180,7.182,-10.977,30,11.998,0,37.47706,0.9222178,0,23.8825,-14.6175,0,0
172,00:00:07.182,7.1836,-10.977,30,11.998,0,37.47706,0.9222178,0,29.2415,-16.872,0,0
172,00:00:07.184,7.1852,-10.977,30,11.998,0,37.47706,0.9222178,0,35.2995,-18.2315,0,0
172,00:00:07.185,7.1868,-10.977,30,11.999,0,-3.784633,0.8388658,0,58.25,-18.6805,0,0
172,00:00:07.187,7.1884,-10.977,30,11.999,0,-3.784633,0.8388658,0,72.8125,-15.05849,0,0
172,00:00:07.188,7.19,-10.977,30,11.999,0,-3.784633,0.8388658,0,78.28799,-23.656,0,0
172,00:00:07.190,7.1916,-10.977,30,11.9985,0,-27.36921,0.8499864,0,87.0255,-17.775,0,0
172,00:00:07.192,7.1932,-10.977,30,11.998,0,-50.95378,0.8611071,0,83.9965,-20.938,0,0
172,00:00:07.193,7.1948,-10.977,30,11.998,0,-50.95378,0.8611071,0,92.035,-17.7805,0,0
172,00:00:07.195,7.1964,-10.977,30,11.998,0,-50.95378,0.8611071,0,84.34599,-20.49,0,0
173,00:00:07.196,7.198,-10.977,30,11.9935,0,-86.67685,0.7783478,0,97.161,-20.0455,0,0
173,00:00:07.198,7.1996,-10.977,30,11.989,0,-122.3999,0.6955885,0,87.375,-18.222,0,0
173,00:00:07.200,7.2012,-10.977,30,11.989,0,-122.3999,0.6955885,0,100.889,-17.7825,0,0
173,00:00:07.201,7.2028,-10.977,30,11.989,0,-122.3999,0.6955885,0,95.53,-22.2925,0,0
173,00:00:07.203,7.2044,-10.977,30,11.973,0,-194.4,0.7354422,0,102.52,-21.844,0,0
173,00:00:07.204,7.206,-10.977,30,11.973,0,-194.4,0.7354422,0,104.9665,-22.2915,0,0
173,00:00:07.206,7.2076,-10.977,30,11.973,0,-194.4,0.7354422,0,104.85,-19.131,0,0
173,00:00:07.208,7.2092,-10.977,30,11.973,0,-194.4,0.7354422,0,108.811,-22.745,0,0
173,00:00:07.209,7.2108,-10.977,30,11.949,0,-266.4,0.6602066,0,110.442,-20.04,0,0
173,00:00:07.211,7.2124,-10.977,30,11.949,0,-266.4,0.6602066,0,116.034,-21.84,0,0
173,00:00:07.212,7.214,-10.977,30,11.949,0,-266.4,0.6602066,0,112.4225,-20.04,0,0
173,00:00:07.214,7.2156,-10.977,30,11.934,0,-302.4,0.6935145,0,115.801,-22.749,0,0
173,00:00:07.216,7.2172,-10.977,30,11.919,0,-338.4,0.7268223,0,115.4515,-18.232,0,0
173,00:00:07.217,7.2188,-10.977,30,11.919,0,-338.4,0.7268223,0,115.6845,-23.6515,0,0
173,00:00:07.219,7.2204,-10.977,30,11.919,0,-338.4,0.7268223,0,115.4515,-15.967,0,0
173,00:00:07.220,7.222,-10.977,30,11.9,0,-374.4,0.8057938,0,117.5485,-26.3665,0,0
173,00:00:07.222,7.2236,-10.977,30,11.881,0,-410.4001,0.8847654,0,114.5195,-17.327,0,0
173,00:00:07.224,7.2252,-10.977,30,11.881,0,-410.4001,0.8847654,0,101.355,-23.653,0,0
173,00:00:07.225,7.2268,-10.977,30,11.881,0,-410.4001,0.8847654,0,130.1305,-15.97701,0,0
173,00:00:07.227,7.2284,-10.977,30,11.836,0,-482.4001,0.7111131,0,102.753,-20.4875,0,0
173,00:00:07.228,7.23,-10.977,30,11.836,0,-482.4001,0.7111131,0,112.1895,-23.2005,0,0
173,00:00:07.230,7.2316,-10.977,30,11.836,0,-482.4001,0.7111131,0,126.8685,-19.13499,0,0
173,00:00:07.232,7.2332,-10.977,30,11.836,0,-482.4001,0.7111131,0,102.1705,-20.93999,0,0
173,00:00:07.233,7.2348,-10.977,30,11.784,0,-554.4,0.8501341,0,108.345,-16.8745,0,0
173,00:00:07.235,7.2364,-10.977,30,11.784,0,-554.4,0.8501341,0,97.394,-20.035,0,0
173,00:00:07.236,7.238,-10.977,30,11.784,0,-554.4,0.8501341,0,82.715,-27.2625,0,0
174,00:00:07.238,7.2396,-10.977,30,11.7545,0,-590.4,0.8052255,0,98.326,-18.681,0,0
174,00:00:07.240,7.2412,-10.977,30,11.725,0,-626.4,0.7603169,0,92.50099,-23.205,0,0
174,00:00:07.241,7.2428,-10.977,30,11.725,0,-626.4,0.7603169,0,90.52049,-20.039,0,0
174,00:00:07.243,7.2444,-10.977,30,11.725,0,-626.4,0.7603169,0,103.918,-19.13499,0,0
174,00:00:07.244,7.246,-10.977,30,11.692,0,-662.4,0.7536854,0,87.375,-16.425,0,0
174,00:00:07.246,7.2476,-10.977,30,11.659,0,-698.4,0.7470539,0,98.326,-20.48849,0,0
174,00:00:07.248,7.2492,-10.977,30,11.659,0,-698.4,0.7470539,0,92.50099,-17.328,0,0
174,00:00:07.249,7.2508,-10.977,30,11.659,0,-698.4,0.7470539,0,91.6855,-21.3905,0,0
174,00:00:07.251,7.2524,-10.977,30,11.585,0,-770.4002,0.8222286,0,94.0155,-16.87,0,0
174,00:00:07.252,7.254,-10.977,30,11.585,0,-770.4002,0.8222286,0,88.19049,-19.1345,0,0
174,00:00:07.254,7.2556,-10.977,30,11.585,0,-770.4002,0.8222286,0,94.0155,-15.06499,0,0
174,00:00:07.256,7.2572,-10.977,30,11.585,0,-770.4002,0.8222286,0,86.909,-21.3895,0,0
174,00:00:07.257,7.2588,-10.977,30,11.504,0,-842.4,0.6544035,0,90.28751,-12.8075,0,0
174,00:00:07.259,7.2604,-10.977,30,11.504,0,-842.4,0.6544035,0,85.3945,-20.486,0,0
174,00:00:07.260,7.262,-10.977,30,11.504,0,-842.4,0.6544035,0,90.0545,-14.6175,0,0
174,00:00:07.262,7.2636,-10.977,30,11.46,0,-878.4,0.6890519,0,91.336,-16.86851,0,0
174,00:00:07.264,7.2652,-10.977,30,11.416,0,-914.4,0.7237003,0,91.569,-18.2305,0,0
174,00:00:07.265,7.2668,-10.977,30,11.416,0,-914.4,0.7237003,0,100.7725,-19.5875,0,0
174,00:00:07.267,7.2684,-10.977,30,11.416,0,-914.4,0.7237003,0,115.6845,-14.1615,0,0
174,00:00:07.268,7.27,-10.977,30,11.3685,0,-950.3999,0.668504,0,112.306,-21.8435,0,0
174,00:00:07.270,7.2716,-10.977,30,11.321,0,-986.3998,0.6133076,0,128.15,-18.6855,0,0
174,00:00:07.272,7.2732,-10.977,30,11.321,0,-986.3998,0.6133076,0,138.2855,-20.488,0,0
174,00:00:07.273,7.2748,-10.977,30,11.321,0,-986.3998,0.6133076,0,139.2175,-19.134,0,0
174,00:00:07.275,7.2764,-10.977,30,11.218,0,-1058.4,0.7563643,0,157.6245,-20.9405,0,0
174,00:00:07.276,7.278,-10.977,30,11.218,0,-1058.4,0.7563643,0,150.751,-19.1325,0,0
174,00:00:07.278,7.2796,-10.977,30,11.218,0,-1058.4,0.7563643,0,167.76,-20.9365,0,0
175,00:00:07.280,7.2812,-10.977,30,11.218,0,-1058.4,0.7563643,0,152.0325,-23.199,0,0
175,00:00:07.281,7.2828,-10.977,30,11.108,0,-1130.4,0.9832107,0,159.372,-19.1305,0,0
175,00:00:07.283,7.2844,-10.977,30,11.108,0,-1130.4,0.9832107,0,160.1875,-18.23,0,0
175,00:00:07.284,7.286,-10.977,30,11.108,0,-1130.4,0.9832107,0,159.7215,-20.488,0,0
175,00:00:07.286,7.2876,-10.977,30,11.05,0,-1166.4,0.9111763,0,170.2065,-20.4865,0,0
175,00:00:07.288,7.2892,-10.977,30,10.992,0,-1202.4,0.8391419,0,177.8955,-19.588,0,0
175,00:00:07.289,7.2908,-10.977,30,10.992,0,-1202.4,0.8391419,0,181.274,-20.036,0,0
175,00:00:07.291,7.2924,-10.977,30,10.992,0,-1202.4,0.8391419,0,190.7105,-20.0385,0,0
175,00:00:07.292,7.294,-10.977,30,10.93,0,-1238.4,0.8783375,0,190.4775,-20.9435,0,0
175,00:00:07.294,7.2956,-10.977,30,10.868,0,-1274.4,0.9175331,0,213.894,-18.68,0,0
175,00:00:07.296,7.2972,-10.977,30,10.868,0,-1274.4,0.9175331,0,206.7875,-21.3925,0,0
175,00:00:07.297,7.2988,-10.977,30,10.868,0,-1274.4,0.9175331,0,215.1755,-19.5855,0,0
175,00:00:07.299,7.3004,-10.977,30,10.736,0,-1346.4,0.9046605,0,230.5535,-19.13451,0,0
175,00:00:07.300,7.302,-10.977,30,10.736,0,-1346.4,0.9046605,0,238.359,-21.846,0,0
175,00:00:07.302,7.3036,-10.977,30,10.736,0,-1346.4,0.9046605,0,259.4455,-19.134,0,0
175,00:00:07.304,7.3052,-10.977,30,10.736,0,-1346.4,0.9046605,0,264.921,-21.393,0,0
175,00:00:07.305,7.3068,-10.977,30,10.598,0,-1418.4,0.8757548,0,269.348,-21.845,0,0
175,00:00:07.307,7.3084,-10.977,30,10.598,0,-1418.4,0.8757548,0,263.29,-15.9695,0,0
175,00:00:07.308,7.31,-10.977,30,10.598,0,-1418.4,0.8757548,0,271.3285,-20.0355,0,0
175,00:00:07.310,7.3116,-10.977,30,10.525,0,-1448.539,0.909938,0,271.7945,-19.582,0,0
175,00:00:07.312,7.3132,-10.977,30,10.452,0,-1478.677,0.9441211,0,293.58,-24.549,0,0
175,00:00:07.313,7.3148,-10.977,30,10.452,0,-1478.677,0.9441211,0,289.2695,-18.6835,0,0
175,00:00:07.315,7.3164,-10.977,30,10.452,0,-1478.677,0.9441211,0,306.395,-15.063,0,0
175,00:00:07.316,7.318,-10.977,30,10.3775,0,-1489.2,0.9004783,0,314.55,-16.87849,0,0
175,00:00:07.318,7.3196,-10.977,30,10.303,0,-1499.723,0.8568355,0,316.181,-17.7785,0,0
175,00:00:07.320,7.3212,-10.977,30,10.303,0,-1499.723,0.8568355,0,316.2975,-16.4235,0,0
176,00:00:07.321,7.3228,-10.977,30,10.303,0,-1499.723,0.8568355,0,312.8025,-16.87749,0,0
176,00:00:07.323,7.3244,-10.977,30,10.153,0,-1500,0.8796874,0,313.851,-16.8735,0,0
176,00:00:07.324,7.326,-10.977,30,10.153,0,-1500,0.8796874,0,309.657,-15.5235,0,0
176,00:00:07.326,7.3276,-10.977,30,10.153,0,-1500,0.8796874,0,314.4335,-10.1005,0,0
176,00:00:07.328,7.3292,-10.977,30,10.153,0,-1500,0.8796874,0,314.4335,-12.3595,0,0
176,00:00:07.329,7.3308,-10.977,30,10.003,0,-1500,0.7768946,0,323.404,-10.5505,0,0
176,00:00:07.331,7.3324,-10.977,30,10.003,0,-1500,0.7768946,0,324.9185,-15.068,0,0
176,00:00:07.332,7.334,-10.977,30,10.003,0,-1500,0.7768946,0,329.229,-15.522,0,0
176,00:00:07.334,7.3356,-10.977,30,9.928,0,-1500,0.8184533,0,332.1415,-11.9035,0,0
176,00:00:07.336,7.3372,-10.977,30,9.853001,0,-1500,0.8600121,0,337.85,-10.097,0,0
176,00:00:07.337,7.3388,-10.977,30,9.853001,0,-1500,0.8600121,0,340.2965,-13.26,0,0
176,00:00:07.339,7.3404,-10.977,30,9.853001,0,-1500,0.8600121,0,344.4905,-10.0985,0,0
176,00:00:07.340,7.342,-10.977,30,9.778,0,-1500,0.9429612,0,336.219,-11.4535,0,0
176,00:00:07.342,7.3436,-10.977,30,9.702999,0,-1500,1.02591,0,343.442,-14.1645,0,0
176,00:00:07.344,7.3452,-10.977,30,9.702999,0,-1500,1.02591,0,334.821,-13.2595,0,0
176,00:00:07.345,7.3468,-10.977,30,9.702999,0,-1500,1.02591,0,357.7715,-10.101,0,0
176,00:00:07.347,7.3484,-10.977,30,9.552999,0,-1500,0.9297374,0,353.5775,-11.9085,0,0
176,00:00:07.348,7.35,-10.977,30,9.552999,0,-1500,0.9297374,0,370.5865,-12.814,0,0
176,00:00:07.350,7.3516,-10.977,30,9.552999,0,-1500,0.9297374,0,383.052,-8.292999,0,0
176,00:00:07.352,7.3532,-10.977,30,9.552999,0,-1500,0.9297374,0,396.1,-14.617,0,0
176,00:00:07.353,7.3548,-10.977,30,9.403,0,-1500,1.017965,0,411.3615,-16.877,0,0
176,00:00:07.355,7.3564,-10.977,30,9.403,0,-1500,1.017965,0,413.6915,-13.26,0,0
176,00:00:07.356,7.358,-10.977,30,9.403,0,-1500,1.017965,0,427.555,-15.07,0,0
176,00:00:07.358,7.3596,-10.977,30,9.328,0,-1500,0.9566832,0,433.4965,-8.7435,0,0
176,00:00:07.360,7.3612,-10.977,30,9.253,0,-1500,0.8954018,0,448.1755,-13.25951,0,0
176,00:00:07.361,7.3628,-10.977,30,9.253,0,-1500,0.8954018,0,455.515,-11.4545,0,0
177,00:00:07.363,7.3644,-10.977,30,9.253,0,-1500,0.8954018,0,489.067,-17.32,0,0
177,00:00:07.364,7.366,-10.977,30,9.178,0,-1500,0.8660984,0,511.901,-15.97,0,0
177,00:00:07.366,7.3676,-10.977,30,9.103001,0,-1500,0.836795,0,554.307,-17.3245,0,0
177,00:00:07.368,7.3692,-10.977,30,9.103001,0,-1500,0.836795,0,574.811,-10.549,0,0
177,00:00:07.369,7.3708,-10.977,30,9.103001,0,-1500,0.836795,0,588.9075,-16.42,0,0
177,00:00:07.371,7.3724,-10.977,30,8.952999,0,-1500,0.9598663,0,608.596,-12.356,0,0
177,00:00:07.372,7.374,-10.977,30,8.952999,0,-1500,0.9598663,0,606.266,-18.68501,0,0
177,00:00:07.374,7.3756,-10.977,30,8.952999,0,-1500,0.9598663,0,594.849,-17.778,0,0
177,00:00:07.376,7.3772,-10.977,30,8.952999,0,-1500,0.9598663,0,603.936,-15.972,0,0
177,00:00:07.377,7.3788,-10.977,30,8.802999,0,-1500,0.8154279,0,618.382,-15.52,0,0
177,00:00:07.379,7.3804,-10.977,30,8.802999,0,-1500,0.8154279,0,636.556,-16.8735,0,0
177,00:00:07.380,7.382,-10.977,30,8.802999,0,-1500,0.8154279,0,652.7495,-18.23299,0,0
177,00:00:07.382,7.3836,-10.977,30,8.728,0,-1500,0.8121377,0,681.059,-19.582,0,0
177,00:00:07.384,7.3852,-10.977,30,8.653,0,-1500,0.8088476,0,678.8455,-15.0665,0,0
177,00:00:07.385,7.3868,-10.977,30,8.653,0,-1500,0.8088476,0,668.244,-15.066,0,0
177,00:00:07.387,7.3884,-10.977,30,8.653,0,-1500,0.8088476,0,666.38,-19.5835,0,0
177,00:00:07.388,7.39,-10.977,30,8.578,0,-1500,0.7976633,0,667.079,-23.1985,0,0
177,00:00:07.390,7.3916,-10.977,30,8.503,0,-1500,0.7864791,0,667.545,-19.134,0,0
177,00:00:07.392,7.3932,-10.977,30,8.503,0,-1500,0.7864791,0,665.215,-20.938,0,0
177,00:00:07.393,7.3948,-10.977,30,8.503,0,-1500,0.7864791,0,680.9425,-15.5225,0,0
177,00:00:07.395,7.3964,-10.977,30,8.353001,0,-1500,0.7846298,0,675.7,-15.9685,0,0
177,00:00:07.396,7.398,-10.977,30,8.353001,0,-1500,0.7846298,0,679.7775,-19.1355,0,0
177,00:00:07.398,7.3996,-10.977,30,8.353001,0,-1500,0.7846298,0,691.5439,-20.9425,0,0
177,00:00:07.400,7.4012,-10.977,30,8.353001,0,-1500,0.7846298,0,681.8745,-20.03699,0,0
177,00:00:07.401,7.4028,-10.977,30,8.202999,0,-1500,0.9201454,0,680.7095,-23.6505,0,0
177,00:00:07.403,7.4044,-10.977,30,8.202999,0,-1500,0.9201454,0,679.7775,-21.84399,0,0
178,00:00:07.404,7.406,-10.977,30,8.202999,0,-1500,0.9201454,0,672.438,-22.297,0,0
178,00:00:07.406,7.4076,-10.977,30,8.127999,0,-1500,0.8645469,0,661.6035,-20.48849,0,0
178,00:00:07.408,7.4092,-10.977,30,8.052999,0,-1500,0.8089484,0,652.0505,-20.9415,0,0
178,00:00:07.409,7.4108,-10.977,30,8.052999,0,-1500,0.8089484,0,653.9145,-18.68349,0,0
178,00:00:07.411,7.4124,-10.977,30,8.052999,0,-1500,0.8089484,0,651.235,-20.4875,0,0
178,00:00:07.412,7.414,-10.977,30,7.978,0,-1500,0.8023226,0,647.8564,-23.199,0,0
178,00:00:07.414,7.4156,-10.977,30,7.903,0,-1500,0.7956968,0,647.507,-21.3895,0,0
178,00:00:07.416,7.4172,-10.977,30,7.903,0,-1500,0.7956968,0,653.5649,-19.1335,0,0
178,00:00:07.417,7.4188,-10.977,30,7.903,0,-1500,0.7956968,0,658.691,-24.5525,0,0
178,00:00:07.419,7.4204,-10.977,30,7.753,0,-1500,0.7119238,0,661.4869,-18.681,0,0
178,00:00:07.420,7.422,-10.977,30,7.753,0,-1500,0.7119238,0,661.4869,-20.03201,0,0
178,00:00:07.422,7.4236,-10.977,30,7.753,0,-1500,0.7119238,0,653.4485,-20.93999,0,0
178,00:00:07.424,7.4252,-10.977,30,7.753,0,-1500,0.7119238,0,658.5745,-22.748,0,0
178,00:00:07.425,7.4268,-10.977,30,7.603,0,-1500,0.7086587,0,650.769,-23.2015,0,0
178,00:00:07.427,7.4284,-10.977,30,7.603,0,-1500,0.7086587,0,660.089,-21.39149,0,0
178,00:00:07.428,7.43,-10.977,30,7.603,0,-1500,0.7086587,0,662.419,-21.393,0,0
178,00:00:07.430,7.4316,-10.977,30,7.528,0,-1500,0.7618943,0,670.9235,-21.843,0,0
178,00:00:07.432,7.4332,-10.977,30,7.453,0,-1500,0.8151299,0,682.923,-14.616,0,0
178,00:00:07.433,7.4348,-10.977,30,7.453,0,-1500,0.8151299,0,710.184,-15.52,0,0
178,00:00:07.435,7.4364,-10.977,30,7.453,0,-1500,0.8151299,0,724.0475,-19.131,0,0
178,00:00:07.436,7.438,-10.977,30,7.378,0,-1500,0.7591382,0,736.5129,-21.3915,0,0
178,00:00:07.438,7.4396,-10.977,30,7.303,0,-1500,0.7031464,0,753.289,-17.3245,0,0
178,00:00:07.440,7.4412,-10.977,30,7.303,0,-1500,0.7031464,0,761.3275,-18.229,0,0
178,00:00:07.441,7.4428,-10.977,30,7.303,0,-1500,0.7031464,0,778.22,-18.68349,0,0
178,00:00:07.443,7.4444,-10.977,30,7.153,0,-1500,0.806834,0,779.152,-15.51749,0,0
178,00:00:07.444,7.446,-10.977,30,7.153,0,-1500,0.806834,0,801.8695,-17.32899,0,0
179,00:00:07.446,7.4476,-10.977,30,7.153,0,-1500,0.806834,0,813.0535,-16.421,0,0
179,00:00:07.448,7.4492,-10.977,30,7.153,0,-1500,0.806834,0,814.2185,-15.521,0,0
179,00:00:07.449,7.4508,-10.977,30,7.003,0,-1500,0.7562805,0,805.8304,-16.876,0,0
179,00:00:07.451,7.4524,-10.977,30,7.003,0,-1500,0.7562805,0,815.1505,-12.8085,0,0
179,00:00:07.452,7.454,-10.977,30,7.003,0,-1500,0.7562805,0,837.9845,-20.0405,0,0
179,00:00:07.454,7.4556,-10.977,30,6.928,0,-1500,0.7902743,0,842.295,-19.58649,0,0
179,00:00:07.456,7.4572,-10.977,30,6.853,0,-1500,0.824268,0,832.6255,-16.425,0,0
179,00:00:07.457,7.4588,-10.977,30,6.853,0,-1500,0.824268,0,840.5475,-15.517,0,0
179,00:00:07.459,7.4604,-10.977,30,6.853,0,-1500,0.824268,0,850.5665,-15.5195,0,0
179,00:00:07.460,7.462,-10.977,30,6.778,0,-1500,0.8819561,0,855.4595,-18.682,0,0
179,00:00:07.462,7.4636,-10.977,30,6.703,0,-1500,0.9396442,0,852.1975,-17.7765,0,0
179,00:00:07.464,7.4652,-10.977,30,6.703,0,-1500,0.9396442,0,862.2165,-19.1335,0,0
179,00:00:07.465,7.4668,-10.977,30,6.703,0,-1500,0.9396442,0,868.158,-18.231,0,0
179,00:00:07.467,7.4684,-10.977,30,6.553999,0,-1483.2,0.8312486,0,871.187,-16.8735,0,0
179,00:00:07.468,7.47,-10.977,30,6.553999,0,-1483.2,0.8312486,0,880.1575,-15.069,0,0
179,00:00:07.470,7.4716,-10.977,30,6.553999,0,-1483.2,0.8312486,0,896.351,-16.8735,0,0
179,00:00:07.472,7.4732,-10.977,30,6.553999,0,-1483.2,0.8312486,0,901.1275,-20.038,0,0
179,00:00:07.473,7.4748,-10.977,30,6.408,0,-1425.6,0.8642685,0,884.934,-15.9715,0,0
179,00:00:07.475,7.4764,-10.977,30,6.408,0,-1425.6,0.8642685,0,899.147,-19.582,0,0
179,00:00:07.476,7.478,-10.977,30,6.408,0,-1425.6,0.8642685,0,911.729,-18.2305,0,0
179,00:00:07.478,7.4796,-10.977,30,6.3385,0,-1389.6,0.8519027,0,926.9905,-20.034,0,0
179,00:00:07.480,7.4812,-10.977,30,6.269,0,-1353.6,0.839537,0,937.825,-13.71101,0,0
179,00:00:07.481,7.4828,-10.977,30,6.269,0,-1353.6,0.839537,0,945.3975,-22.301,0,0
179,00:00:07.483,7.4844,-10.977,30,6.269,0,-1353.6,0.839537,0,955.4165,-19.584,0,0
179,00:00:07.484,7.486,-10.977,30,6.2035,0,-1317.6,0.8551884,0,968.348,-20.4895,0,0
179,00:00:07.486,7.4876,-10.977,30,6.138,0,-1281.6,0.8708398,0,973.3575,-17.3255,0,0
180,00:00:07.488,7.4892,-10.977,30,6.138,0,-1281.6,0.8708398,0,997.473,-19.12749,0,0
180,00:00:07.489,7.4908,-10.977,30,6.138,0,-1281.6,0.8708398,0,1012.501,-18.683,0,0
180,00:00:07.491,7.4924,-10.977,30,6.013999,0,-1209.6,0.9779526,0,1030.093,-22.29,0,0
180,00:00:07.492,7.494,-10.977,30,6.013999,0,-1209.6,0.9779526,0,1048.5,-18.679,0,0
180,00:00:07.494,7.4956,-10.977,30,6.013999,0,-1209.6,0.9779526,0,1071.567,-21.3905,0,0
180,00:00:07.496,7.4972,-10.977,30,6.013999,0,-1209.6,0.9779526,0,1092.77,-15.52,0,0
180,00:00:07.497,7.4988,-10.977,30,5.895999,0,-1137.6,0.9283534,0,1096.615,-16.4235,0,0
180,00:00:07.499,7.5004,-10.977,30,5.895999,0,-1137.6,0.9283534,0,1104.536,-18.2315,0,0
180,00:00:07.500,7.502,-10.977,30,5.895999,0,-1137.6,0.9283534,0,1114.323,-22.3,0,0
180,00:00:07.502,7.5036,-10.977,30,5.841,0,-1101.6,0.939955,0,1113.74,-13.71201,0,0
180,00:00:07.504,7.5052,-10.977,30,5.786,0,-1065.6,0.9515566,0,1120.031,-19.134,0,0
180,00:00:07.505,7.5068,-10.977,30,5.786,0,-1065.6,0.9515566,0,1119.681,-17.329,0,0
180,00:00:07.507,7.5084,-10.977,30,5.786,0,-1065.6,0.9515566,0,1132.147,-14.61401,0,0
180,00:00:07.508,7.51,-10.977,30,5.735,0,-1029.6,0.9464059,0,1139.37,-12.359,0,0
180,00:00:07.510,7.5116,-10.977,30,5.684,0,-993.6001,0.9412551,0,1148.923,-13.71201,0,0
180,00:00:07.512,7.5132,-10.977,30,5.684,0,-993.6001,0.9412551,0,1148.341,-14.6175,0,0
180,00:00:07.513,7.5148,-10.977,30,5.684,0,-993.6001,0.9412551,0,1138.555,-18.6845,0,0
180,00:00:07.515,7.5164,-10.977,30,5.588,0,-921.6,1.007645,0,1128.768,-16.4245,0,0
180,00:00:07.516,7.518,-10.977,30,5.588,0,-921.6,1.007645,0,1125.623,-16.876,0,0
180,00:00:07.518,7.5196,-10.977,30,5.588,0,-921.6,1.007645,0,1127.254,-11.0045,0,0
180,00:00:07.520,7.5212,-10.977,30,5.588,0,-921.6,1.007645,0,1137.156,-14.1625,0,0
180,00:00:07.521,7.5228,-10.977,30,5.5,0,-849.6,1.138881,0,1140.651,-13.714,0,0
180,00:00:07.523,7.5244,-10.977,30,5.5,0,-849.6,1.138881,0,1136.108,-16.87,0,0
180,00:00:07.524,7.526,-10.977,30,5.5,0,-849.6,1.138881,0,1127.72,-15.0705,0,0
180,00:00:07.526,7.5276,-10.977,30,5.4595,0,-813.6,1.110484,0,1133.428,-16.4195,0,0
180,00:00:07.528,7.5292,-10.977,30,5.419,0,-777.6,1.082088,0,1137.972,-8.743507,0,0
181,00:00:07.529,7.5308,-10.977,30,5.419,0,-777.6,1.082088,0,1150.088,-14.167,0,0
181,00:00:07.531,7.5324,-10.977,30,5.419,0,-777.6,1.082088,0,1148.807,-8.292007,0,0
181,00:00:07.532,7.534,-10.977,30,5.382,0,-741.6001,1.118496,0,1160.34,-14.167,0,0
181,00:00:07.534,7.5356,-10.977,30,5.345,0,-705.6001,1.154905,0,1162.903,-11.9045,0,0
181,00:00:07.536,7.5372,-10.977,30,5.345,0,-705.6001,1.154905,0,1169.311,-14.1655,0,0
181,00:00:07.537,7.5388,-10.977,30,5.345,0,-705.6001,1.154905,0,1172.922,-7.843002,0,0
181,00:00:07.539,7.5404,-10.977,30,5.278,0,-633.5998,1.027908,0,1173.271,-11.453,0,0
181,00:00:07.540,7.542,-10.977,30,5.278,0,-633.5998,1.027908,0,1175.718,-8.745003,0,0
181,00:00:07.542,7.5436,-10.977,30,5.278,0,-633.5998,1.027908,0,1171.407,-10.0975,0,0
181,00:00:07.544,7.5452,-10.977,30,5.278,0,-633.5998,1.027908,0,1169.427,-7.386002,0,0
181,00:00:07.545,7.5468,-10.977,30,5.219,0,-561.5999,0.9311221,0,1174.203,-11.454,0,0
181,00:00:07.547,7.5484,-10.977,30,5.219,0,-561.5999,0.9311221,0,1172.689,-6.935997,0,0
181,00:00:07.548,7.55,-10.977,30,5.219,0,-561.5999,0.9311221,0,1169.893,-11.45,0,0
181,00:00:07.550,7.5516,-10.977,30,5.1925,0,-525.6,0.9457468,0,1172.689,-11.908,0,0
181,00:00:07.552,7.5532,-10.977,30,5.166,0,-489.6001,0.9603715,0,1167.563,-13.7115,0,0
181,00:00:07.553,7.5548,-10.977,30,5.166,0,-489.6001,0.9603715,0,1168.378,-8.746506,0,0
181,00:00:07.555,7.5564,-10.977,30,5.166,0,-489.6001,0.9603715,0,1163.252,-15.06451,0,0
181,00:00:07.556,7.558,-10.977,30,5.1435,0,-453.6002,0.9337542,0,1159.175,-11.9095,0,0
181,00:00:07.558,7.5596,-10.977,30,5.121,0,-417.6002,0.9071369,0,1155.33,-12.808,0,0
181,00:00:07.560,7.5612,-10.977,30,5.121,0,-417.6002,0.9071369,0,1151.835,-8.744499,0,0
181,00:00:07.561,7.5628,-10.977,30,5.121,0,-417.6002,0.9071369,0,1152.418,-12.3565,0,0
181,00:00:07.563,7.5644,-10.977,30,5.083,0,-345.6,0.9523156,0,1149.272,-10.551,0,0
181,00:00:07.564,7.566,-10.977,30,5.083,0,-345.6,0.9523156,0,1149.855,-13.7145,0,0
181,00:00:07.566,7.5676,-10.977,30,5.083,0,-345.6,0.9523156,0,1146.593,-11.0015,0,0
181,00:00:07.568,7.5692,-10.977,30,5.083,0,-345.6,0.9523156,0,1144.263,-14.16151,0,0
181,00:00:07.569,7.5708,-10.977,30,5.053,0,-273.6001,0.8479969,0,1140.885,-14.6185,0,0
182,00:00:07.571,7.5724,-10.977,30,5.053,0,-273.6001,0.8479969,0,1137.623,-11.903,0,0
182,00:00:07.572,7.574,-10.977,30,5.053,0,-273.6001,0.8479969,0,1133.079,-12.812,0,0
182,00:00:07.574,7.5756,-10.977,30,5.041,0,-237.6001,0.9014955,0,1125.623,-16.422,0,0
182,00:00:07.576,7.5772,-10.977,30,5.029,0,-201.6001,0.9549941,0,1118.05,-10.10001,0,0
182,00:00:07.577,7.5788,-10.977,30,5.029,0,-201.6001,0.9549941,0,1111.643,-17.778,0,0
182,00:00:07.579,7.5804,-10.977,30,5.029,0,-201.6001,0.9549941,0,1103.138,-11.002,0,0
182,00:00:07.580,7.582,-10.977,30,5.021,0,-165.6,1.002766,0,1090.79,-13.26051,0,0
182,00:00:07.582,7.5836,-10.977,30,5.013,0,-129.6,1.050537,0,1075.645,-12.357,0,0
182,00:00:07.584,7.5852,-10.977,30,5.013,0,-129.6,1.050537,0,1059.801,-15.51801,0,0
182,00:00:07.585,7.5868,-10.977,30,5.013,0,-129.6,1.050537,0,1045.121,-14.619,0,0
182,00:00:07.587,7.5884,-10.977,30,5.004,0,-58.1538,1.011917,0,1029.743,-15.068,0,0
182,00:00:07.588,7.59,-10.977,30,5.004,0,-58.1538,1.011917,0,1016.113,-15.5225,0,0
182,00:00:07.590,7.5916,-10.977,30,5.004,0,-58.1538,1.011917,0,1002.948,-19.58549,0,0
182,00:00:07.592,7.5932,-10.977,30,5.004,0,-58.1538,1.011917,0,994.2109,-15.52,0,0
182,00:00:07.593,7.5948,-10.977,30,5.001,0,-9.784601,0.9804167,0,984.891,-19.5865,0,0
182,00:00:07.595,7.5964,-10.977,30,5.001,0,-9.784601,0.9804167,0,978.0175,-16.4215,0,0
182,00:00:07.596,7.598,-10.977,30,5.001,0,-9.784601,0.9804167,0,970.7945,-19.1325,0,0
182,00:00:07.598,7.5996,-10.977,30,5.001,0,-4.892301,0.9089759,0,964.62,-15.5195,0,0
182,00:00:07.600,7.6012,-10.977,30,5.001,0,0,0.8375351,0,957.863,-20.9405,0,0
182,00:00:07.601,7.6028,-10.977,30,5.001,0,0,0.8375351,0,954.601,-17.329,0,0
182,00:00:07.603,7.6044,-10.977,30,5.001,0,0,0.8375351,0,949.009,-21.39149,0,0
182,00:00:07.604,7.606,-10.977,30,5.001,0,0,0.4571161,0,943.5335,-21.3945,0,0
182,00:00:07.606,7.6076,-10.977,30,5.001,0,0,0.07669697,0,938.8735,-23.198,0,0
182,00:00:07.608,7.6092,-10.977,30,5.001,0,0,0.07669697,0,934.9125,-20.9405,0,0
182,00:00:07.609,7.6108,-10.977,30,5.001,0,0,0.07669697,0,930.7184,-20.036,0,0
182,00:00:07.611,7.6124,-10.977,30,5.001,0,0,-1.450398,0,928.6215,-18.6815,0,0
183,00:00:07.612,7.614,-10.977,30,5.001,0,0,-1.450398,0,923.379,-19.1355,0,0
183,00:00:07.614,7.6156,-10.977,30,5.001,0,0,-1.450398,0,920.816,-18.68349,0,0
183,00:00:07.616,7.6172,-10.977,30,5.001,0,0,-1.450398,0,916.389,-20.4915,0,0
183,00:00:07.617,7.6188,-10.977,30,5.001,0,0,-3.268986,0,913.9425,-17.783,0,0
183,00:00:07.619,7.6204,-10.977,30,5.001,0,0,-3.268986,0,908.5835,-16.42699,0,0
183,00:00:07.620,7.622,-10.977,30,5.001,0,0,-3.268986,0,904.739,-15.07401,0,0
183,00:00:07.622,7.6236,-10.977,30,5.001,0,0,-3.825951,0,902.7585,-17.3345,0,0
183,00:00:07.624,7.6252,-10.977,30,5.001,0,0,-4.382915,0,898.215,-12.365,0,0
183,00:00:07.625,7.6268,-10.977,30,5.001,0,0,-4.382915,0,895.4189,-17.786,0,0
183,00:00:07.627,7.6284,-10.977,30,5.001,0,0,-4.382915,0,891.1085,-14.62099,0,0
183,00:00:07.628,7.63,-10.977,30,5.001,0,0,-4.432367,0,889.0115,-20.04,0,0
183,00:00:07.630,7.6316,-10.977,30,5.001,0,0,-4.481818,0,886.2155,-16.877,0,0
183,00:00:07.632,7.6332,-10.977,30,5.001,0,0,-4.481818,0,882.837,-15.5175,0,0
183,00:00:07.633,7.6348,-10.977,30,5.001,0,0,-4.481818,0,879.342,-16.4215,0,0
183,00:00:07.635,7.6364,-10.977,30,5.001,0,0,-4.050516,0,877.5945,-19.58,0,0
183,00:00:07.636,7.638,-10.977,30,5.001,0,0,-4.050516,0,876.08,-18.6785,0,0
183,00:00:07.638,7.6396,-10.977,30,5.001,0,0,-4.050516,0,873.517,-19.5805,0,0
183,00:00:07.640,7.6412,-10.977,30,5.001,0,0,-4.050516,0,872.4685,-17.778,0,0
183,00:00:07.641,7.6428,-10.977,30,5.001,0,0,-2.993751,0,870.7209,-21.3935,0,0
183,00:00:07.643,7.6444,-10.977,30,5.001,0,0,-2.993751,0,868.2745,-15.97449,0,0
183,00:00:07.644,7.646,-10.977,30,5.001,0,0,-2.993751,0,867.3425,-20.9435,0,0
183,00:00:07.646,7.6476,-10.977,30,5.001,0,0,-2.453094,0,866.1775,-20.4925,0,0
183,00:00:07.648,7.6492,-10.977,30,5.001,0,0,-1.912438,0,864.43,-20.489,0,0
183,00:00:07.649,7.6508,-10.977,30,5.001,0,0,-1.912438,0,862.566,-19.136,0,0
183,00:00:07.651,7.6524,-10.977,30,5.001,0,0,-1.912438,0,861.634,-21.39149,0,0
183,00:00:07.652,7.654,-10.977,30,5.001,0,0,-1.073675,0,860.5854,-21.391,0,0
184,00:00:07.654,7.6556,-10.977,30,5.001,0,0,-0.2349129,0,858.2555,-26.3595,0,0
184,00:00:07.656,7.6572,-10.977,30,5.001,0,0,-0.2349129,0,857.3235,-20.0375,0,0
184,00:00:07.657,7.6588,-10.977,30,5.001,0,0,-0.2349129,0,855.343,-25.908,0,0
184,00:00:07.659,7.6604,-10.977,30,5.001,0,0,1.095042,0,853.8285,-24.1,0,0
184,00:00:07.660,7.662,-10.977,30,5.001,0,0,1.095042,0,852.547,-26.81,0,0
184,00:00:07.662,7.6636,-10.977,30,5.001,0,0,1.095042,0,851.9645,-23.197,0,0
184,00:00:07.664,7.6652,-10.977,30,5.001,0,0,1.095042,0,849.4015,-25.907,0,0
184,00:00:07.665,7.6668,-10.977,30,5.001,0,0,1.810042,0,848.7025,-24.102,0,0
184,00:00:07.667,7.6684,-10.977,30,5.001,0,0,1.810042,0,846.8385,-22.746,0,0
184,00:00:07.668,7.67,-10.977,30,5.001,0,0,1.810042,0,845.9065,-21.8465,0,0
184,00:00:07.670,7.6716,-10.977,30,5.001,0,0,1.753544,0,844.1589,-24.105,0,0
184,00:00:07.672,7.6732,-10.977,30,5.001,0,0,1.697045,0,843.46,-21.396,0,0
184,00:00:07.673,7.6748,-10.977,30,5.001,0,0,1.697045,0,842.062,-24.558,0,0
184,00:00:07.675,7.6764,-10.977,30,5.001,0,0,1.697045,0,841.363,-20.94601,0,0
184,00:00:07.676,7.678,-10.977,30,5.001,0,0,1.298038,0,840.5475,-23.6545,0,0
184,00:00:07.678,7.6796,-10.977,30,5.001,0,0,0.899031,0,839.965,-19.1375,0,0
184,00:00:07.680,7.6812,-10.977,30,5.001,0,0,0.899031,0,838.101,-18.684,0,0
184,00:00:07.681,7.6828,-10.977,30,5.001,0,0,0.899031,0,837.1689,-17.781,0,0
184,00:00:07.683,7.6844,-10.977,30,5.001,0,0,-0.008283634,0,836.703,-20.0405,0,0
184,00:00:07.684,7.686,-10.977,30,5.001,0,0,-0.008283634,0,835.4215,-21.8455,0,0
184,00:00:07.686,7.6876,-10.977,30,5.001,0,0,-0.008283634,0,836.004,-18.2305,0,0
184,00:00:07.688,7.6892,-10.977,30,5.001,0,0,-0.3480679,0,832.3925,-19.1355,0,0
184,00:00:07.689,7.6908,-10.977,30,5.001,0,0,-0.6878523,0,833.3245,-18.6805,0,0
184,00:00:07.691,7.6924,-10.977,30,5.001,0,0,-0.6878523,0,831.81,-18.6825,0,0
184,00:00:07.692,7.694,-10.977,30,5.001,0,0,-0.6878523,0,831.6935,-20.487,0,0
184,00:00:07.694,7.6956,-10.977,30,5.001,0,0,-0.8735828,0,829.8295,-20.9385,0,0
185,00:00:07.696,7.6972,-10.977,30,5.001,0,0,-1.059313,0,829.946,-19.1335,0,0
185,00:00:07.697,7.6988,-10.977,30,5.001,0,0,-1.059313,0,829.014,-19.1325,0,0
185,00:00:07.699,7.7004,-10.977,30,5.001,0,0,-1.059313,0,828.3149,-19.585,0,0
185,00:00:07.700,7.702,-10.977,30,5.001,0,0,-1.03262,0,827.0335,-19.5855,0,0
